run,seed,flows_per_neighbor,ring_size,affected_fraction,completion_time_s
1,48879,4,4,0.0,0.021500000000000102
1,48879,4,4,0.1,0.024450000000000187
1,48879,4,4,0.3,0.03470000000000048
1,48879,4,4,0.5,0.03365000000000045
1,48879,4,8,0.0,0.021500000000000102
1,48879,4,8,0.1,0.036900000000000543
1,48879,4,8,0.3,0.03470000000000048
1,48879,4,8,0.5,0.039350000000000614
1,48879,2,8,0.0,0.021500000000000102
1,48879,2,8,0.1,0.037950000000000574
1,48879,2,8,0.3,0.06475000000000103
1,48879,2,8,0.5,0.061750000000001255
1,48879,2,16,0.0,0.021500000000000102
1,48879,2,16,0.1,0.037950000000000574
1,48879,2,16,0.3,0.06475000000000103
1,48879,2,16,0.5,0.06095000000000123
1,48879,4,16,0.0,0.021500000000000102
1,48879,4,16,0.1,0.036900000000000543
1,48879,4,16,0.3,0.03960000000000062
1,48879,4,16,0.5,0.04680000000000083
1,48879,4,32,0.0,0.021500000000000102
1,48879,4,32,0.1,0.036900000000000543
1,48879,4,32,0.3,0.04765000000000085
1,48879,4,32,0.5,0.04335000000000073
1,48879,4,64,0.0,0.026850000000000256
1,48879,4,64,0.1,0.04400000000000075
1,48879,4,64,0.3,0.0494000000000009
1,48879,4,64,0.5,0.06420000000000109
1,48879,8,4,0.0,0.021500000000000102
1,48879,8,4,0.1,0.02420000000000018
1,48879,8,4,0.3,0.0284500000000003
1,48879,8,4,0.5,0.026500000000000246
1,48879,1,4,0.0,0.021500000000000102
1,48879,1,4,0.1,0.03635000000000053
1,48879,1,4,0.3,0.1257999999999943
1,48879,1,4,0.5,0.10934999999999612
1,48879,1,8,0.0,0.021500000000000102
1,48879,1,8,0.1,0.051300000000000956
1,48879,1,8,0.3,0.1257999999999943
1,48879,1,8,0.5,0.10934999999999612
1,48879,8,8,0.0,0.021500000000000102
1,48879,8,8,0.1,0.027450000000000273
1,48879,8,8,0.3,0.0284500000000003
1,48879,8,8,0.5,0.027450000000000273
1,48879,8,16,0.0,0.021500000000000102
1,48879,8,16,0.1,0.027450000000000273
1,48879,8,16,0.3,0.034550000000000476
1,48879,8,16,0.5,0.03215000000000041
1,48879,1,64,0.0,0.04295000000000072
1,48879,1,64,0.1,0.0695500000000005
1,48879,1,64,0.3,0.1257999999999943
1,48879,1,64,0.5,0.12419999999999448
1,48879,2,4,0.0,0.021500000000000102
1,48879,2,4,0.1,0.03635000000000053
1,48879,2,4,0.3,0.06475000000000103
1,48879,2,4,0.5,0.06095000000000123
1,48879,2,32,0.0,0.021500000000000102
1,48879,2,32,0.1,0.05390000000000103
1,48879,2,32,0.3,0.07375000000000004
1,48879,2,32,0.5,0.06095000000000123
1,48879,2,64,0.0,0.03225000000000041
1,48879,2,64,0.1,0.05390000000000103
1,48879,2,64,0.3,0.07764999999999961
1,48879,2,64,0.5,0.08524999999999877
1,48879,1,16,0.0,0.021500000000000102
1,48879,1,16,0.1,0.051300000000000956
1,48879,1,16,0.3,0.1257999999999943
1,48879,1,16,0.5,0.10934999999999612
1,48879,1,32,0.0,0.021500000000000102
1,48879,1,32,0.1,0.0695500000000005
1,48879,1,32,0.3,0.1257999999999943
1,48879,1,32,0.5,0.11319999999999569
2,10048880,1,4,0.0,0.021500000000000102
2,10048880,1,4,0.1,0.021500000000000102
2,10048880,1,4,0.3,0.0459000000000008
2,10048880,1,4,0.5,0.07449999999999996
2,10048880,1,8,0.0,0.021500000000000102
2,10048880,1,8,0.1,0.021500000000000102
2,10048880,1,8,0.3,0.0813999999999992
2,10048880,1,8,0.5,0.10549999999999654
2,10048880,4,4,0.0,0.021500000000000102
2,10048880,4,4,0.1,0.022950000000000144
2,10048880,4,4,0.3,0.04100000000000066
2,10048880,4,4,0.5,0.02810000000000029
2,10048880,4,8,0.0,0.021500000000000102
2,10048880,4,8,0.1,0.024350000000000184
2,10048880,4,8,0.3,0.04100000000000066
2,10048880,4,8,0.5,0.03480000000000048
2,10048880,2,8,0.0,0.021500000000000102
2,10048880,2,8,0.1,0.03165000000000039
2,10048880,2,8,0.3,0.05155000000000096
2,10048880,2,8,0.5,0.05325000000000101
2,10048880,2,16,0.0,0.021500000000000102
2,10048880,2,16,0.1,0.034500000000000475
2,10048880,2,16,0.3,0.05155000000000096
2,10048880,2,16,0.5,0.06395000000000112
2,10048880,1,64,0.0,0.04295000000000072
2,10048880,1,64,0.1,0.06185000000000126
2,10048880,1,64,0.3,0.09299999999999792
2,10048880,1,64,0.5,0.12724999999999415
2,10048880,2,4,0.0,0.021500000000000102
2,10048880,2,4,0.1,0.021500000000000102
2,10048880,2,4,0.3,0.05155000000000096
2,10048880,2,4,0.5,0.04350000000000073
2,10048880,4,16,0.0,0.021500000000000102
2,10048880,4,16,0.1,0.024350000000000184
2,10048880,4,16,0.3,0.04100000000000066
2,10048880,4,16,0.5,0.051300000000000956
2,10048880,4,32,0.0,0.021500000000000102
2,10048880,4,32,0.1,0.030750000000000367
2,10048880,4,32,0.3,0.051600000000000965
2,10048880,4,32,0.5,0.05210000000000098
2,10048880,1,16,0.0,0.021500000000000102
2,10048880,1,16,0.1,0.05810000000000115
2,10048880,1,16,0.3,0.0813999999999992
2,10048880,1,16,0.5,0.11714999999999526
2,10048880,1,32,0.0,0.04295000000000072
2,10048880,1,32,0.1,0.05810000000000115
2,10048880,1,32,0.3,0.08414999999999889
2,10048880,1,32,0.5,0.10549999999999654
2,10048880,8,8,0.0,0.021500000000000102
2,10048880,8,8,0.1,0.025800000000000226
2,10048880,8,8,0.3,0.03360000000000045
2,10048880,8,8,0.5,0.02870000000000031
2,10048880,8,16,0.0,0.021500000000000102
2,10048880,8,16,0.1,0.028650000000000307
2,10048880,8,16,0.3,0.03670000000000054
2,10048880,8,16,0.5,0.040400000000000644
2,10048880,2,32,0.0,0.03225000000000041
2,10048880,2,32,0.1,0.04620000000000081
2,10048880,2,32,0.3,0.06115000000000124
2,10048880,2,32,0.5,0.09294999999999792
2,10048880,2,64,0.0,0.03225000000000041
2,10048880,2,64,0.1,0.04655000000000082
2,10048880,2,64,0.3,0.07539999999999986
2,10048880,2,64,0.5,0.10269999999999685
2,10048880,4,64,0.0,0.021500000000000102
2,10048880,4,64,0.1,0.030750000000000367
2,10048880,4,64,0.3,0.051600000000000965
2,10048880,4,64,0.5,0.053350000000001015
2,10048880,8,4,0.0,0.021500000000000102
2,10048880,8,4,0.1,0.022200000000000122
2,10048880,8,4,0.3,0.027550000000000276
2,10048880,8,4,0.5,0.025700000000000223
1,48879,8,32,0.0,0.021500000000000102
1,48879,8,32,0.1,0.029000000000000317
1,48879,8,32,0.3,0.034550000000000476
1,48879,8,32,0.5,0.03575000000000051
1,48879,8,64,0.0,0.021500000000000102
1,48879,8,64,0.1,0.03655000000000053
1,48879,8,64,0.3,0.049150000000000894
1,48879,8,64,0.5,0.04995000000000092
3,20048881,1,4,0.0,0.021500000000000102
3,20048881,1,4,0.1,0.03650000000000053
3,20048881,1,4,0.3,0.033850000000000456
3,20048881,1,4,0.5,0.09374999999999784
3,20048881,1,8,0.0,0.021500000000000102
3,20048881,1,8,0.1,0.03650000000000053
3,20048881,1,8,0.3,0.09239999999999798
3,20048881,1,8,0.5,0.1140499999999956
3,20048881,2,8,0.0,0.021500000000000102
3,20048881,2,8,0.1,0.03445000000000047
3,20048881,2,8,0.3,0.044600000000000764
3,20048881,2,8,0.5,0.058950000000001175
3,20048881,2,16,0.0,0.021500000000000102
3,20048881,2,16,0.1,0.04065000000000065
3,20048881,2,16,0.3,0.07744999999999963
3,20048881,2,16,0.5,0.058950000000001175
3,20048881,4,4,0.0,0.021500000000000102
3,20048881,4,4,0.1,0.026100000000000234
3,20048881,4,4,0.3,0.02770000000000028
3,20048881,4,4,0.5,0.03515000000000049
3,20048881,4,8,0.0,0.021500000000000102
3,20048881,4,8,0.1,0.03445000000000047
3,20048881,4,8,0.3,0.03320000000000044
3,20048881,4,8,0.5,0.040400000000000644
3,20048881,1,64,0.0,0.04295000000000072
3,20048881,1,64,0.1,0.08284999999999904
3,20048881,1,64,0.3,0.13689999999999308
3,20048881,1,64,0.5,0.11704999999999527
3,20048881,2,4,0.0,0.021500000000000102
3,20048881,2,4,0.1,0.028300000000000297
3,20048881,2,4,0.3,0.03645000000000053
3,20048881,2,4,0.5,0.048500000000000876
3,20048881,1,16,0.0,0.021500000000000102
3,20048881,1,16,0.1,0.04065000000000065
3,20048881,1,16,0.3,0.09869999999999729
3,20048881,1,16,0.5,0.1140499999999956
3,20048881,1,32,0.0,0.04295000000000072
3,20048881,1,32,0.1,0.08284999999999904
3,20048881,1,32,0.3,0.09869999999999729
3,20048881,1,32,0.5,0.11704999999999527
3,20048881,4,16,0.0,0.021500000000000102
3,20048881,4,16,0.1,0.03445000000000047
3,20048881,4,16,0.3,0.042850000000000714
3,20048881,4,16,0.5,0.04765000000000085
3,20048881,4,32,0.0,0.021500000000000102
3,20048881,4,32,0.1,0.03445000000000047
3,20048881,4,32,0.3,0.042850000000000714
3,20048881,4,32,0.5,0.04800000000000086
3,20048881,8,8,0.0,0.021500000000000102
3,20048881,8,8,0.1,0.028550000000000304
3,20048881,8,8,0.3,0.030050000000000347
3,20048881,8,8,0.5,0.03235000000000041
3,20048881,8,16,0.0,0.021500000000000102
3,20048881,8,16,0.1,0.028550000000000304
3,20048881,8,16,0.3,0.030050000000000347
3,20048881,8,16,0.5,0.03855000000000059
2,10048880,8,32,0.0,0.021500000000000102
2,10048880,8,32,0.1,0.028650000000000307
2,10048880,8,32,0.3,0.03785000000000057
2,10048880,8,32,0.5,0.038350000000000585
2,10048880,8,64,0.0,0.021500000000000102
2,10048880,8,64,0.1,0.03620000000000052
2,10048880,8,64,0.3,0.05180000000000097
2,10048880,8,64,0.5,0.0459000000000008
3,20048881,2,32,0.0,0.03225000000000041
3,20048881,2,32,0.1,0.05560000000000108
3,20048881,2,32,0.3,0.07744999999999963
3,20048881,2,32,0.5,0.08424999999999888
3,20048881,2,64,0.0,0.03225000000000041
3,20048881,2,64,0.1,0.06455000000000105
3,20048881,2,64,0.3,0.09179999999999805
3,20048881,2,64,0.5,0.08729999999999855
4,30048882,1,4,0.0,0.021500000000000102
4,30048882,1,4,0.1,0.021500000000000102
4,30048882,1,4,0.3,0.07325000000000009
4,30048882,1,4,0.5,0.05435000000000104
4,30048882,1,8,0.0,0.021500000000000102
4,30048882,1,8,0.1,0.04410000000000075
4,30048882,1,8,0.3,0.07325000000000009
4,30048882,1,8,0.5,0.0731500000000001
3,20048881,4,64,0.0,0.026850000000000256
3,20048881,4,64,0.1,0.0424000000000007
3,20048881,4,64,0.3,0.06095000000000123
3,20048881,4,64,0.5,0.08059999999999928
3,20048881,8,4,0.0,0.021500000000000102
3,20048881,8,4,0.1,0.027250000000000267
3,20048881,8,4,0.3,0.02390000000000017
3,20048881,8,4,0.5,0.0320000000000004
4,30048882,4,4,0.0,0.021500000000000102
4,30048882,4,4,0.1,0.024750000000000195
4,30048882,4,4,0.3,0.030400000000000357
4,30048882,4,4,0.5,0.049150000000000894
4,30048882,4,8,0.0,0.021500000000000102
4,30048882,4,8,0.1,0.039350000000000614
4,30048882,4,8,0.3,0.03580000000000051
4,30048882,4,8,0.5,0.039700000000000624
4,30048882,2,8,0.0,0.021500000000000102
4,30048882,2,8,0.1,0.04480000000000077
4,30048882,2,8,0.3,0.043550000000000734
4,30048882,2,8,0.5,0.051950000000000975
4,30048882,2,16,0.0,0.021500000000000102
4,30048882,2,16,0.1,0.05075000000000094
4,30048882,2,16,0.3,0.06765000000000071
4,30048882,2,16,0.5,0.0597500000000012
4,30048882,1,16,0.0,0.04295000000000072
4,30048882,1,16,0.1,0.059300000000001185
4,30048882,1,16,0.3,0.07325000000000009
4,30048882,1,16,0.5,0.10889999999999617
4,30048882,1,32,0.0,0.04295000000000072
4,30048882,1,32,0.1,0.06510000000000099
4,30048882,1,32,0.3,0.07654999999999973
4,30048882,1,32,0.5,0.11084999999999595
4,30048882,1,64,0.0,0.04295000000000072
4,30048882,1,64,0.1,0.083149999999999
4,30048882,1,64,0.3,0.08364999999999895
4,30048882,1,64,0.5,0.13639999999999314
4,30048882,2,4,0.0,0.021500000000000102
4,30048882,2,4,0.1,0.03365000000000045
4,30048882,2,4,0.3,0.04450000000000076
4,30048882,2,4,0.5,0.051950000000000975
4,30048882,4,16,0.0,0.021500000000000102
4,30048882,4,16,0.1,0.039350000000000614
4,30048882,4,16,0.3,0.04270000000000071
4,30048882,4,16,0.5,0.039700000000000624
4,30048882,4,32,0.0,0.021500000000000102
4,30048882,4,32,0.1,0.04000000000000063
4,30048882,4,32,0.3,0.04270000000000071
4,30048882,4,32,0.5,0.051250000000000955
4,30048882,8,8,0.0,0.021500000000000102
4,30048882,8,8,0.1,0.025450000000000216
4,30048882,8,8,0.3,0.026400000000000243
4,30048882,8,8,0.5,0.026050000000000233
4,30048882,8,16,0.0,0.021500000000000102
4,30048882,8,16,0.1,0.03650000000000053
4,30048882,8,16,0.3,0.032800000000000426
4,30048882,8,16,0.5,0.039450000000000617
4,30048882,2,32,0.0,0.021500000000000102
4,30048882,2,32,0.1,0.06510000000000099
4,30048882,2,32,0.3,0.07449999999999996
4,30048882,2,32,0.5,0.06895000000000057
4,30048882,2,64,0.0,0.03225000000000041
4,30048882,2,64,0.1,0.06625000000000086
4,30048882,2,64,0.3,0.07449999999999996
4,30048882,2,64,0.5,0.08214999999999911
3,20048881,8,32,0.0,0.021500000000000102
3,20048881,8,32,0.1,0.03250000000000042
3,20048881,8,32,0.3,0.03425000000000047
3,20048881,8,32,0.5,0.040750000000000654
3,20048881,8,64,0.0,0.021500000000000102
3,20048881,8,64,0.1,0.0354000000000005
3,20048881,8,64,0.3,0.04270000000000071
3,20048881,8,64,0.5,0.056800000000001113
4,30048882,4,64,0.0,0.021500000000000102
4,30048882,4,64,0.1,0.06620000000000087
4,30048882,4,64,0.3,0.055800000000001085
4,30048882,4,64,0.5,0.060300000000001214
4,30048882,8,4,0.0,0.021500000000000102
4,30048882,8,4,0.1,0.024400000000000185
4,30048882,8,4,0.3,0.026400000000000243
4,30048882,8,4,0.5,0.028650000000000307
5,40048883,1,4,0.0,0.021500000000000102
5,40048883,1,4,0.1,0.05380000000000103
5,40048883,1,4,0.3,0.07629999999999976
5,40048883,1,4,0.5,0.11274999999999574
5,40048883,1,8,0.0,0.021500000000000102
5,40048883,1,8,0.1,0.05465000000000105
5,40048883,1,8,0.3,0.057900000000001145
5,40048883,1,8,0.5,0.09374999999999784
5,40048883,4,4,0.0,0.021500000000000102
5,40048883,4,4,0.1,0.0248500000000002
5,40048883,4,4,0.3,0.035550000000000505
5,40048883,4,4,0.5,0.04685000000000083
5,40048883,4,8,0.0,0.021500000000000102
5,40048883,4,8,0.1,0.02520000000000021
5,40048883,4,8,0.3,0.035550000000000505
5,40048883,4,8,0.5,0.05365000000000102
5,40048883,2,8,0.0,0.021500000000000102
5,40048883,2,8,0.1,0.038050000000000576
5,40048883,2,8,0.3,0.04520000000000078
5,40048883,2,8,0.5,0.04830000000000087
5,40048883,2,16,0.0,0.021500000000000102
5,40048883,2,16,0.1,0.038050000000000576
5,40048883,2,16,0.3,0.05185000000000097
5,40048883,2,16,0.5,0.057150000000001124
5,40048883,1,16,0.0,0.021500000000000102
5,40048883,1,16,0.1,0.058250000000001155
5,40048883,1,16,0.3,0.09824999999999734
5,40048883,1,16,0.5,0.09374999999999784
5,40048883,1,32,0.0,0.021500000000000102
5,40048883,1,32,0.1,0.11304999999999571
5,40048883,1,32,0.3,0.1031499999999968
5,40048883,1,32,0.5,0.09889999999999727
5,40048883,1,64,0.0,0.04295000000000072
5,40048883,1,64,0.1,0.11304999999999571
5,40048883,1,64,0.3,0.1031499999999968
5,40048883,1,64,0.5,0.1548999999999911
5,40048883,2,4,0.0,0.021500000000000102
5,40048883,2,4,0.1,0.038050000000000576
5,40048883,2,4,0.3,0.050900000000000944
5,40048883,2,4,0.5,0.05400000000000103
5,40048883,4,16,0.0,0.021500000000000102
5,40048883,4,16,0.1,0.03500000000000049
5,40048883,4,16,0.3,0.042900000000000715
5,40048883,4,16,0.5,0.04685000000000083
5,40048883,4,32,0.0,0.021500000000000102
5,40048883,4,32,0.1,0.03500000000000049
5,40048883,4,32,0.3,0.042900000000000715
5,40048883,4,32,0.5,0.05385000000000103
5,40048883,8,8,0.0,0.021500000000000102
5,40048883,8,8,0.1,0.038400000000000586
5,40048883,8,8,0.3,0.02985000000000034
5,40048883,8,8,0.5,0.03565000000000051
5,40048883,8,16,0.0,0.021500000000000102
5,40048883,8,16,0.1,0.038400000000000586
5,40048883,8,16,0.3,0.034550000000000476
5,40048883,8,16,0.5,0.03565000000000051
4,30048882,8,32,0.0,0.021500000000000102
4,30048882,8,32,0.1,0.03650000000000053
4,30048882,8,32,0.3,0.032800000000000426
4,30048882,8,32,0.5,0.04545000000000079
4,30048882,8,64,0.0,0.02420000000000018
4,30048882,8,64,0.1,0.045350000000000786
4,30048882,8,64,0.3,0.04685000000000083
4,30048882,8,64,0.5,0.04270000000000071
5,40048883,4,64,0.0,0.021500000000000102
5,40048883,4,64,0.1,0.045000000000000775
5,40048883,4,64,0.3,0.04445000000000076
5,40048883,4,64,0.5,0.05385000000000103
5,40048883,8,4,0.0,0.021500000000000102
5,40048883,8,4,0.1,0.038400000000000586
5,40048883,8,4,0.3,0.02740000000000027
5,40048883,8,4,0.5,0.03565000000000051
5,40048883,2,32,0.0,0.021500000000000102
5,40048883,2,32,0.1,0.0562500000000011
5,40048883,2,32,0.3,0.06780000000000069
5,40048883,2,32,0.5,0.08874999999999839
5,40048883,2,64,0.0,0.021500000000000102
5,40048883,2,64,0.1,0.06355000000000116
5,40048883,2,64,0.3,0.06980000000000047
5,40048883,2,64,0.5,0.08879999999999838
6,50048884,1,4,0.0,0.021500000000000102
6,50048884,1,4,0.1,0.03785000000000057
6,50048884,1,4,0.3,0.06710000000000077
6,50048884,1,4,0.5,0.08689999999999859
6,50048884,1,8,0.0,0.021500000000000102
6,50048884,1,8,0.1,0.06555000000000094
6,50048884,1,8,0.3,0.0695000000000005
6,50048884,1,8,0.5,0.0976499999999974
6,50048884,4,4,0.0,0.021500000000000102
6,50048884,4,4,0.1,0.026400000000000243
6,50048884,4,4,0.3,0.029250000000000324
6,50048884,4,4,0.5,0.031050000000000376
6,50048884,4,8,0.0,0.021500000000000102
6,50048884,4,8,0.1,0.027550000000000276
6,50048884,4,8,0.3,0.04050000000000065
6,50048884,4,8,0.5,0.032400000000000415
6,50048884,2,8,0.0,0.021500000000000102
6,50048884,2,8,0.1,0.03925000000000061
6,50048884,2,8,0.3,0.04405000000000075
6,50048884,2,8,0.5,0.05045000000000093
6,50048884,2,16,0.0,0.021500000000000102
6,50048884,2,16,0.1,0.04015000000000064
6,50048884,2,16,0.3,0.06530000000000097
6,50048884,2,16,0.5,0.07305000000000011
6,50048884,1,64,0.0,0.04295000000000072
6,50048884,1,64,0.1,0.06900000000000056
6,50048884,1,64,0.3,0.10784999999999628
6,50048884,1,64,0.5,0.12149999999999478
6,50048884,2,4,0.0,0.021500000000000102
6,50048884,2,4,0.1,0.03225000000000041
6,50048884,2,4,0.3,0.04280000000000071
6,50048884,2,4,0.5,0.04630000000000081
6,50048884,4,16,0.0,0.021500000000000102
6,50048884,4,16,0.1,0.03050000000000036
6,50048884,4,16,0.3,0.04050000000000065
6,50048884,4,16,0.5,0.06420000000000109
6,50048884,4,32,0.0,0.021500000000000102
6,50048884,4,32,0.1,0.03855000000000059
6,50048884,4,32,0.3,0.04645000000000082
6,50048884,4,32,0.5,0.05780000000000114
6,50048884,1,16,0.0,0.021500000000000102
6,50048884,1,16,0.1,0.06900000000000056
6,50048884,1,16,0.3,0.10784999999999628
6,50048884,1,16,0.5,0.11749999999999522
6,50048884,1,32,0.0,0.04295000000000072
6,50048884,1,32,0.1,0.06900000000000056
6,50048884,1,32,0.3,0.10784999999999628
6,50048884,1,32,0.5,0.11749999999999522
6,50048884,8,8,0.0,0.021500000000000102
6,50048884,8,8,0.1,0.023800000000000168
6,50048884,8,8,0.3,0.025350000000000213
6,50048884,8,8,0.5,0.02875000000000031
6,50048884,8,16,0.0,0.021500000000000102
6,50048884,8,16,0.1,0.03050000000000036
6,50048884,8,16,0.3,0.030600000000000363
6,50048884,8,16,0.5,0.04765000000000085
6,50048884,4,64,0.0,0.021500000000000102
6,50048884,4,64,0.1,0.04305000000000072
6,50048884,4,64,0.3,0.058600000000001165
6,50048884,4,64,0.5,0.05780000000000114
6,50048884,8,4,0.0,0.021500000000000102
6,50048884,8,4,0.1,0.023800000000000168
6,50048884,8,4,0.3,0.026450000000000244
6,50048884,8,4,0.5,0.028200000000000294
6,50048884,2,32,0.0,0.021500000000000102
6,50048884,2,32,0.1,0.04370000000000074
6,50048884,2,32,0.3,0.06565000000000093
6,50048884,2,32,0.5,0.07434999999999997
6,50048884,2,64,0.0,0.021500000000000102
6,50048884,2,64,0.1,0.04730000000000084
6,50048884,2,64,0.3,0.07649999999999973
6,50048884,2,64,0.5,0.08464999999999884
5,40048883,8,32,0.0,0.021500000000000102
5,40048883,8,32,0.1,0.038400000000000586
5,40048883,8,32,0.3,0.03955000000000062
5,40048883,8,32,0.5,0.040750000000000654
5,40048883,8,64,0.0,0.021500000000000102
5,40048883,8,64,0.1,0.038400000000000586
5,40048883,8,64,0.3,0.04610000000000081
5,40048883,8,64,0.5,0.045700000000000796
7,60048885,1,4,0.0,0.021500000000000102
7,60048885,1,4,0.1,0.054400000000001045
7,60048885,1,4,0.3,0.053400000000001016
7,60048885,1,4,0.5,0.09459999999999774
7,60048885,1,8,0.0,0.021500000000000102
7,60048885,1,8,0.1,0.021500000000000102
7,60048885,1,8,0.3,0.06930000000000053
7,60048885,1,8,0.5,0.09459999999999774
7,60048885,2,8,0.0,0.021500000000000102
7,60048885,2,8,0.1,0.026800000000000254
7,60048885,2,8,0.3,0.045300000000000784
7,60048885,2,8,0.5,0.04550000000000079
7,60048885,2,16,0.0,0.021500000000000102
7,60048885,2,16,0.1,0.04875000000000088
7,60048885,2,16,0.3,0.04695000000000083
7,60048885,2,16,0.5,0.059300000000001185
7,60048885,4,4,0.0,0.021500000000000102
7,60048885,4,4,0.1,0.02590000000000023
7,60048885,4,4,0.3,0.04335000000000073
7,60048885,4,4,0.5,0.058250000000001155
7,60048885,4,8,0.0,0.021500000000000102
7,60048885,4,8,0.1,0.023400000000000157
7,60048885,4,8,0.3,0.028600000000000306
7,60048885,4,8,0.5,0.03470000000000048
7,60048885,4,16,0.0,0.021500000000000102
7,60048885,4,16,0.1,0.035550000000000505
7,60048885,4,16,0.3,0.03365000000000045
7,60048885,4,16,0.5,0.048500000000000876
7,60048885,4,32,0.0,0.021500000000000102
7,60048885,4,32,0.1,0.035550000000000505
7,60048885,4,32,0.3,0.04200000000000069
7,60048885,4,32,0.5,0.049500000000000904
7,60048885,1,64,0.0,0.04295000000000072
7,60048885,1,64,0.1,0.07400000000000001
7,60048885,1,64,0.3,0.1277499999999941
7,60048885,1,64,0.5,0.1258999999999943
7,60048885,2,4,0.0,0.021500000000000102
7,60048885,2,4,0.1,0.033800000000000455
7,60048885,2,4,0.3,0.06020000000000121
7,60048885,2,4,0.5,0.08259999999999906
7,60048885,1,16,0.0,0.021500000000000102
7,60048885,1,16,0.1,0.07100000000000034
7,60048885,1,16,0.3,0.05675000000000111
7,60048885,1,16,0.5,0.11634999999999535
7,60048885,1,32,0.0,0.04295000000000072
7,60048885,1,32,0.1,0.07100000000000034
7,60048885,1,32,0.3,0.1277499999999941
7,60048885,1,32,0.5,0.14694999999999198
7,60048885,8,8,0.0,0.021500000000000102
7,60048885,8,8,0.1,0.02385000000000017
7,60048885,8,8,0.3,0.027250000000000267
7,60048885,8,8,0.5,0.035200000000000495
7,60048885,8,16,0.0,0.021500000000000102
7,60048885,8,16,0.1,0.02425000000000018
7,60048885,8,16,0.3,0.030000000000000346
7,60048885,8,16,0.5,0.047800000000000856
7,60048885,2,32,0.0,0.021500000000000102
7,60048885,2,32,0.1,0.04875000000000088
7,60048885,2,32,0.3,0.06710000000000077
7,60048885,2,32,0.5,0.07854999999999951
7,60048885,2,64,0.0,0.03225000000000041
7,60048885,2,64,0.1,0.05940000000000119
7,60048885,2,64,0.3,0.06710000000000077
7,60048885,2,64,0.5,0.09869999999999729
6,50048884,8,32,0.0,0.021500000000000102
6,50048884,8,32,0.1,0.03250000000000042
6,50048884,8,32,0.3,0.03445000000000047
6,50048884,8,32,0.5,0.049550000000000906
6,50048884,8,64,0.0,0.021500000000000102
6,50048884,8,64,0.1,0.03720000000000055
6,50048884,8,64,0.3,0.04055000000000065
6,50048884,8,64,0.5,0.05560000000000108
7,60048885,4,64,0.0,0.021500000000000102
7,60048885,4,64,0.1,0.045700000000000796
7,60048885,4,64,0.3,0.05030000000000093
7,60048885,4,64,0.5,0.07095000000000035
7,60048885,8,4,0.0,0.021500000000000102
7,60048885,8,4,0.1,0.023050000000000147
7,60048885,8,4,0.3,0.028950000000000316
7,60048885,8,4,0.5,0.04855000000000088
8,70048886,1,4,0.0,0.021500000000000102
8,70048886,1,4,0.1,0.0319500000000004
8,70048886,1,4,0.3,0.0749499999999999
8,70048886,1,4,0.5,0.0876999999999985
8,70048886,1,8,0.0,0.021500000000000102
8,70048886,1,8,0.1,0.06045000000000122
8,70048886,1,8,0.3,0.0749499999999999
8,70048886,1,8,0.5,0.1113499999999959
8,70048886,4,4,0.0,0.021500000000000102
8,70048886,4,4,0.1,0.024450000000000187
8,70048886,4,4,0.3,0.03505000000000049
8,70048886,4,4,0.5,0.03285000000000043
8,70048886,4,8,0.0,0.021500000000000102
8,70048886,4,8,0.1,0.027450000000000273
8,70048886,4,8,0.3,0.03505000000000049
8,70048886,4,8,0.5,0.05310000000000101
8,70048886,2,8,0.0,0.021500000000000102
8,70048886,2,8,0.1,0.03500000000000049
8,70048886,2,8,0.3,0.04125000000000067
8,70048886,2,8,0.5,0.09124999999999811
8,70048886,2,16,0.0,0.021500000000000102
8,70048886,2,16,0.1,0.036250000000000525
8,70048886,2,16,0.3,0.061700000000001254
8,70048886,2,16,0.5,0.09124999999999811
8,70048886,1,64,0.0,0.04295000000000072
8,70048886,1,64,0.1,0.0704000000000004
8,70048886,1,64,0.3,0.11844999999999511
8,70048886,1,64,0.5,0.12569999999999432
8,70048886,2,4,0.0,0.021500000000000102
8,70048886,2,4,0.1,0.02905000000000032
8,70048886,2,4,0.3,0.04630000000000081
8,70048886,2,4,0.5,0.0494000000000009
8,70048886,1,16,0.0,0.021500000000000102
8,70048886,1,16,0.1,0.06045000000000122
8,70048886,1,16,0.3,0.07739999999999964
8,70048886,1,16,0.5,0.1113499999999959
8,70048886,1,32,0.0,0.04295000000000072
8,70048886,1,32,0.1,0.0704000000000004
8,70048886,1,32,0.3,0.0867499999999986
8,70048886,1,32,0.5,0.12009999999999493
8,70048886,4,16,0.0,0.021500000000000102
8,70048886,4,16,0.1,0.027550000000000276
8,70048886,4,16,0.3,0.036950000000000545
8,70048886,4,16,0.5,0.05310000000000101
8,70048886,4,32,0.0,0.021500000000000102
8,70048886,4,32,0.1,0.033450000000000445
8,70048886,4,32,0.3,0.046000000000000804
8,70048886,4,32,0.5,0.05310000000000101
7,60048885,8,32,0.0,0.021500000000000102
7,60048885,8,32,0.1,0.02590000000000023
7,60048885,8,32,0.3,0.05255000000000099
7,60048885,8,32,0.5,0.039450000000000617
7,60048885,8,64,0.0,0.021500000000000102
7,60048885,8,64,0.1,0.029200000000000323
7,60048885,8,64,0.3,0.05255000000000099
7,60048885,8,64,0.5,0.05505000000000106
8,70048886,8,8,0.0,0.021500000000000102
8,70048886,8,8,0.1,0.02765000000000028
8,70048886,8,8,0.3,0.04350000000000073
8,70048886,8,8,0.5,0.04205000000000069
8,70048886,8,16,0.0,0.021500000000000102
8,70048886,8,16,0.1,0.029700000000000337
8,70048886,8,16,0.3,0.04350000000000073
8,70048886,8,16,0.5,0.04205000000000069
8,70048886,2,32,0.0,0.021500000000000102
8,70048886,2,32,0.1,0.038350000000000585
8,70048886,2,32,0.3,0.060000000000001205
8,70048886,2,32,0.5,0.09124999999999811
8,70048886,2,64,0.0,0.03225000000000041
8,70048886,2,64,0.1,0.041450000000000674
8,70048886,2,64,0.3,0.0912999999999981
8,70048886,2,64,0.5,0.09829999999999733
8,70048886,4,64,0.0,0.021500000000000102
8,70048886,4,64,0.1,0.0388000000000006
8,70048886,4,64,0.3,0.05215000000000098
8,70048886,4,64,0.5,0.0598000000000012
8,70048886,8,4,0.0,0.021500000000000102
8,70048886,8,4,0.1,0.02215000000000012
8,70048886,8,4,0.3,0.04350000000000073
8,70048886,8,4,0.5,0.04205000000000069
9,80048887,1,4,0.0,0.021500000000000102
9,80048887,1,4,0.1,0.04015000000000064
9,80048887,1,4,0.3,0.10059999999999708
9,80048887,1,4,0.5,0.0822999999999991
9,80048887,1,8,0.0,0.04295000000000072
9,80048887,1,8,0.1,0.09119999999999812
9,80048887,1,8,0.3,0.1076999999999963
9,80048887,1,8,0.5,0.10384999999999672
9,80048887,2,8,0.0,0.021500000000000102
9,80048887,2,8,0.1,0.03305000000000043
9,80048887,2,8,0.3,0.051950000000000975
9,80048887,2,8,0.5,0.06265000000000126
9,80048887,2,16,0.0,0.021500000000000102
9,80048887,2,16,0.1,0.0459000000000008
9,80048887,2,16,0.3,0.059250000000001184
9,80048887,2,16,0.5,0.06265000000000126
9,80048887,4,4,0.0,0.021500000000000102
9,80048887,4,4,0.1,0.03505000000000049
9,80048887,4,4,0.3,0.030700000000000366
9,80048887,4,4,0.5,0.06215000000000127
9,80048887,4,8,0.0,0.021500000000000102
9,80048887,4,8,0.1,0.03505000000000049
9,80048887,4,8,0.3,0.03505000000000049
9,80048887,4,8,0.5,0.06215000000000127
9,80048887,1,16,0.0,0.04295000000000072
9,80048887,1,16,0.1,0.09119999999999812
9,80048887,1,16,0.3,0.1076999999999963
9,80048887,1,16,0.5,0.10449999999999665
9,80048887,1,32,0.0,0.04295000000000072
9,80048887,1,32,0.1,0.09119999999999812
9,80048887,1,32,0.3,0.1076999999999963
9,80048887,1,32,0.5,0.10449999999999665
9,80048887,1,64,0.0,0.06445000000000106
9,80048887,1,64,0.1,0.09119999999999812
9,80048887,1,64,0.3,0.1076999999999963
9,80048887,1,64,0.5,0.14059999999999268
9,80048887,2,4,0.0,0.021500000000000102
9,80048887,2,4,0.1,0.03130000000000038
9,80048887,2,4,0.3,0.051650000000000966
9,80048887,2,4,0.5,0.05420000000000104
9,80048887,4,16,0.0,0.021500000000000102
9,80048887,4,16,0.1,0.03505000000000049
9,80048887,4,16,0.3,0.0355000000000005
9,80048887,4,16,0.5,0.06215000000000127
9,80048887,4,32,0.0,0.021500000000000102
9,80048887,4,32,0.1,0.03605000000000052
9,80048887,4,32,0.3,0.045700000000000796
9,80048887,4,32,0.5,0.06215000000000127
9,80048887,2,32,0.0,0.021500000000000102
9,80048887,2,32,0.1,0.0459000000000008
9,80048887,2,32,0.3,0.059250000000001184
9,80048887,2,32,0.5,0.06265000000000126
9,80048887,2,64,0.0,0.03225000000000041
9,80048887,2,64,0.1,0.059350000000001187
9,80048887,2,64,0.3,0.0687000000000006
9,80048887,2,64,0.5,0.07919999999999944
8,70048886,8,32,0.0,0.021500000000000102
8,70048886,8,32,0.1,0.02980000000000034
8,70048886,8,32,0.3,0.04350000000000073
8,70048886,8,32,0.5,0.04205000000000069
8,70048886,8,64,0.0,0.021500000000000102
8,70048886,8,64,0.1,0.02980000000000034
8,70048886,8,64,0.3,0.04350000000000073
8,70048886,8,64,0.5,0.044950000000000774
9,80048887,8,8,0.0,0.021500000000000102
9,80048887,8,8,0.1,0.026750000000000253
9,80048887,8,8,0.3,0.026400000000000243
9,80048887,8,8,0.5,0.041450000000000674
9,80048887,8,16,0.0,0.021500000000000102
9,80048887,8,16,0.1,0.026750000000000253
9,80048887,8,16,0.3,0.03015000000000035
9,80048887,8,16,0.5,0.041450000000000674
10,90048888,1,4,0.0,0.021500000000000102
10,90048888,1,4,0.1,0.041850000000000685
10,90048888,1,4,0.3,0.06125000000000124
10,90048888,1,4,0.5,0.0912999999999981
10,90048888,1,8,0.0,0.021500000000000102
10,90048888,1,8,0.1,0.05385000000000103
10,90048888,1,8,0.3,0.07105000000000034
10,90048888,1,8,0.5,0.0912999999999981
9,80048887,4,64,0.0,0.021500000000000102
9,80048887,4,64,0.1,0.05355000000000102
9,80048887,4,64,0.3,0.04795000000000086
9,80048887,4,64,0.5,0.06390000000000112
9,80048887,8,4,0.0,0.021500000000000102
9,80048887,8,4,0.1,0.026750000000000253
9,80048887,8,4,0.3,0.02600000000000023
9,80048887,8,4,0.5,0.041450000000000674
10,90048888,4,4,0.0,0.021500000000000102
10,90048888,4,4,0.1,0.030650000000000364
10,90048888,4,4,0.3,0.026550000000000247
10,90048888,4,4,0.5,0.041100000000000664
10,90048888,4,8,0.0,0.021500000000000102
10,90048888,4,8,0.1,0.030650000000000364
10,90048888,4,8,0.3,0.02805000000000029
10,90048888,4,8,0.5,0.041100000000000664
10,90048888,2,8,0.0,0.021500000000000102
10,90048888,2,8,0.1,0.035950000000000516
10,90048888,2,8,0.3,0.045700000000000796
10,90048888,2,8,0.5,0.05045000000000093
10,90048888,2,16,0.0,0.021500000000000102
10,90048888,2,16,0.1,0.05910000000000118
10,90048888,2,16,0.3,0.0598000000000012
10,90048888,2,16,0.5,0.06620000000000087
10,90048888,1,16,0.0,0.021500000000000102
10,90048888,1,16,0.1,0.05910000000000118
10,90048888,1,16,0.3,0.06125000000000124
10,90048888,1,16,0.5,0.09379999999999783
10,90048888,1,32,0.0,0.04295000000000072
10,90048888,1,32,0.1,0.07809999999999956
10,90048888,1,32,0.3,0.09034999999999821
10,90048888,1,32,0.5,0.10429999999999667
10,90048888,1,64,0.0,0.04295000000000072
10,90048888,1,64,0.1,0.09789999999999738
10,90048888,1,64,0.3,0.09884999999999727
10,90048888,1,64,0.5,0.12609999999999427
10,90048888,2,4,0.0,0.021500000000000102
10,90048888,2,4,0.1,0.03495000000000049
10,90048888,2,4,0.3,0.03955000000000062
10,90048888,2,4,0.5,0.04795000000000086
10,90048888,4,16,0.0,0.021500000000000102
10,90048888,4,16,0.1,0.03290000000000043
10,90048888,4,16,0.3,0.035550000000000505
10,90048888,4,16,0.5,0.04610000000000081
10,90048888,4,32,0.0,0.026850000000000256
10,90048888,4,32,0.1,0.035950000000000516
10,90048888,4,32,0.3,0.03845000000000059
10,90048888,4,32,0.5,0.05535000000000107
10,90048888,8,8,0.0,0.021500000000000102
10,90048888,8,8,0.1,0.029200000000000323
10,90048888,8,8,0.3,0.029600000000000334
10,90048888,8,8,0.5,0.03480000000000048
10,90048888,8,16,0.0,0.021500000000000102
10,90048888,8,16,0.1,0.03290000000000043
10,90048888,8,16,0.3,0.034200000000000466
10,90048888,8,16,0.5,0.03985000000000063
10,90048888,4,64,0.0,0.03225000000000041
10,90048888,4,64,0.1,0.035950000000000516
10,90048888,4,64,0.3,0.04790000000000086
10,90048888,4,64,0.5,0.05570000000000108
10,90048888,8,4,0.0,0.021500000000000102
10,90048888,8,4,0.1,0.029200000000000323
10,90048888,8,4,0.3,0.029600000000000334
10,90048888,8,4,0.5,0.029650000000000336
10,90048888,2,32,0.0,0.04295000000000072
10,90048888,2,32,0.1,0.05910000000000118
10,90048888,2,32,0.3,0.06665000000000082
10,90048888,2,32,0.5,0.06620000000000087
10,90048888,2,64,0.0,0.04295000000000072
10,90048888,2,64,0.1,0.05910000000000118
10,90048888,2,64,0.3,0.08599999999999869
10,90048888,2,64,0.5,0.09479999999999772
9,80048887,8,32,0.0,0.021500000000000102
9,80048887,8,32,0.1,0.030250000000000353
9,80048887,8,32,0.3,0.035950000000000516
9,80048887,8,32,0.5,0.04170000000000068
9,80048887,8,64,0.0,0.021500000000000102
9,80048887,8,64,0.1,0.03585000000000051
9,80048887,8,64,0.3,0.039450000000000617
9,80048887,8,64,0.5,0.05260000000000099
11,100048889,1,4,0.0,0.021500000000000102
11,100048889,1,4,0.1,0.03470000000000048
11,100048889,1,4,0.3,0.0931499999999979
11,100048889,1,4,0.5,0.11519999999999547
11,100048889,1,8,0.0,0.021500000000000102
11,100048889,1,8,0.1,0.03470000000000048
11,100048889,1,8,0.3,0.0931499999999979
11,100048889,1,8,0.5,0.11519999999999547
11,100048889,4,4,0.0,0.021500000000000102
11,100048889,4,4,0.1,0.026750000000000253
11,100048889,4,4,0.3,0.04485000000000077
11,100048889,4,4,0.5,0.032800000000000426
11,100048889,4,8,0.0,0.021500000000000102
11,100048889,4,8,0.1,0.02420000000000018
11,100048889,4,8,0.3,0.046000000000000804
11,100048889,4,8,0.5,0.032800000000000426
11,100048889,2,8,0.0,0.021500000000000102
11,100048889,2,8,0.1,0.030000000000000346
11,100048889,2,8,0.3,0.08074999999999927
11,100048889,2,8,0.5,0.05535000000000107
11,100048889,2,16,0.0,0.021500000000000102
11,100048889,2,16,0.1,0.05010000000000092
11,100048889,2,16,0.3,0.08074999999999927
11,100048889,2,16,0.5,0.07035000000000041
11,100048889,1,16,0.0,0.021500000000000102
11,100048889,1,16,0.1,0.05840000000000116
11,100048889,1,16,0.3,0.0931499999999979
11,100048889,1,16,0.5,0.11519999999999547
11,100048889,1,32,0.0,0.04295000000000072
11,100048889,1,32,0.1,0.05840000000000116
11,100048889,1,32,0.3,0.10329999999999678
11,100048889,1,32,0.5,0.11519999999999547
11,100048889,1,64,0.0,0.04295000000000072
11,100048889,1,64,0.1,0.0840499999999989
11,100048889,1,64,0.3,0.11289999999999573
11,100048889,1,64,0.5,0.11519999999999547
11,100048889,2,4,0.0,0.021500000000000102
11,100048889,2,4,0.1,0.030000000000000346
11,100048889,2,4,0.3,0.05365000000000102
11,100048889,2,4,0.5,0.05490000000000106
11,100048889,4,16,0.0,0.021500000000000102
11,100048889,4,16,0.1,0.033150000000000436
11,100048889,4,16,0.3,0.049850000000000914
11,100048889,4,16,0.5,0.04615000000000081
11,100048889,4,32,0.0,0.021500000000000102
11,100048889,4,32,0.1,0.033150000000000436
11,100048889,4,32,0.3,0.049850000000000914
11,100048889,4,32,0.5,0.05840000000000116
11,100048889,8,8,0.0,0.021500000000000102
11,100048889,8,8,0.1,0.026800000000000254
11,100048889,8,8,0.3,0.03405000000000046
11,100048889,8,8,0.5,0.03600000000000052
11,100048889,8,16,0.0,0.021500000000000102
11,100048889,8,16,0.1,0.0283500000000003
11,100048889,8,16,0.3,0.03405000000000046
11,100048889,8,16,0.5,0.03650000000000053
10,90048888,8,32,0.0,0.02420000000000018
10,90048888,8,32,0.1,0.039100000000000606
10,90048888,8,32,0.3,0.03750000000000056
10,90048888,8,32,0.5,0.037950000000000574
10,90048888,8,64,0.0,0.02420000000000018
10,90048888,8,64,0.1,0.039100000000000606
10,90048888,8,64,0.3,0.04650000000000082
10,90048888,8,64,0.5,0.037950000000000574
11,100048889,2,32,0.0,0.021500000000000102
11,100048889,2,32,0.1,0.05010000000000092
11,100048889,2,32,0.3,0.08074999999999927
11,100048889,2,32,0.5,0.0804999999999993
11,100048889,2,64,0.0,0.021500000000000102
11,100048889,2,64,0.1,0.05950000000000119
11,100048889,2,64,0.3,0.08074999999999927
11,100048889,2,64,0.5,0.08544999999999875
11,100048889,4,64,0.0,0.021500000000000102
11,100048889,4,64,0.1,0.038750000000000596
11,100048889,4,64,0.3,0.049850000000000914
11,100048889,4,64,0.5,0.0598500000000012
11,100048889,8,4,0.0,0.021500000000000102
11,100048889,8,4,0.1,0.024050000000000175
11,100048889,8,4,0.3,0.03405000000000046
11,100048889,8,4,0.5,0.030250000000000353
12,110048890,4,4,0.0,0.021500000000000102
12,110048890,4,4,0.1,0.023750000000000167
12,110048890,4,4,0.3,0.03260000000000042
12,110048890,4,4,0.5,0.040750000000000654
12,110048890,4,8,0.0,0.021500000000000102
12,110048890,4,8,0.1,0.02520000000000021
12,110048890,4,8,0.3,0.03260000000000042
12,110048890,4,8,0.5,0.040750000000000654
12,110048890,1,4,0.0,0.021500000000000102
12,110048890,1,4,0.1,0.04275000000000071
12,110048890,1,4,0.3,0.10004999999999714
12,110048890,1,4,0.5,0.11349999999999566
12,110048890,1,8,0.0,0.021500000000000102
12,110048890,1,8,0.1,0.021500000000000102
12,110048890,1,8,0.3,0.07924999999999943
12,110048890,1,8,0.5,0.11349999999999566
12,110048890,2,8,0.0,0.021500000000000102
12,110048890,2,8,0.1,0.035250000000000496
12,110048890,2,8,0.3,0.04620000000000081
12,110048890,2,8,0.5,0.05560000000000108
12,110048890,2,16,0.0,0.021500000000000102
12,110048890,2,16,0.1,0.035250000000000496
12,110048890,2,16,0.3,0.04620000000000081
12,110048890,2,16,0.5,0.06555000000000094
12,110048890,1,16,0.0,0.021500000000000102
12,110048890,1,16,0.1,0.04275000000000071
12,110048890,1,16,0.3,0.07924999999999943
12,110048890,1,16,0.5,0.11349999999999566
12,110048890,1,32,0.0,0.04295000000000072
12,110048890,1,32,0.1,0.07649999999999973
12,110048890,1,32,0.3,0.10714999999999636
12,110048890,1,32,0.5,0.11349999999999566
12,110048890,1,64,0.0,0.04295000000000072
12,110048890,1,64,0.1,0.11939999999999501
12,110048890,1,64,0.3,0.08989999999999826
12,110048890,1,64,0.5,0.14469999999999222
12,110048890,2,4,0.0,0.021500000000000102
12,110048890,2,4,0.1,0.029900000000000343
12,110048890,2,4,0.3,0.0457500000000008
12,110048890,2,4,0.5,0.05560000000000108
12,110048890,4,16,0.0,0.021500000000000102
12,110048890,4,16,0.1,0.02915000000000032
12,110048890,4,16,0.3,0.03260000000000042
12,110048890,4,16,0.5,0.050950000000000946
12,110048890,4,32,0.0,0.021500000000000102
12,110048890,4,32,0.1,0.037250000000000554
12,110048890,4,32,0.3,0.039700000000000624
12,110048890,4,32,0.5,0.040750000000000654
12,110048890,8,8,0.0,0.021500000000000102
12,110048890,8,8,0.1,0.02520000000000021
12,110048890,8,8,0.3,0.029000000000000317
12,110048890,8,8,0.5,0.03085000000000037
12,110048890,8,16,0.0,0.021500000000000102
12,110048890,8,16,0.1,0.029600000000000334
12,110048890,8,16,0.3,0.029000000000000317
12,110048890,8,16,0.5,0.04260000000000071
12,110048890,2,32,0.0,0.021500000000000102
12,110048890,2,32,0.1,0.03715000000000055
12,110048890,2,32,0.3,0.058900000000001174
12,110048890,2,32,0.5,0.06555000000000094
12,110048890,2,64,0.0,0.03225000000000041
12,110048890,2,64,0.1,0.056500000000001105
12,110048890,2,64,0.3,0.06485000000000102
12,110048890,2,64,0.5,0.08974999999999828
11,100048889,8,32,0.0,0.021500000000000102
11,100048889,8,32,0.1,0.030400000000000357
11,100048889,8,32,0.3,0.03635000000000053
11,100048889,8,32,0.5,0.04420000000000075
11,100048889,8,64,0.0,0.021500000000000102
11,100048889,8,64,0.1,0.030400000000000357
11,100048889,8,64,0.3,0.03635000000000053
11,100048889,8,64,0.5,0.04870000000000088
12,110048890,4,64,0.0,0.021500000000000102
12,110048890,4,64,0.1,0.03750000000000056
12,110048890,4,64,0.3,0.052350000000000986
12,110048890,4,64,0.5,0.06275000000000125
12,110048890,8,4,0.0,0.021500000000000102
12,110048890,8,4,0.1,0.02215000000000012
12,110048890,8,4,0.3,0.027500000000000274
12,110048890,8,4,0.5,0.03085000000000037
13,120048891,1,4,0.0,0.021500000000000102
13,120048891,1,4,0.1,0.049850000000000914
13,120048891,1,4,0.3,0.0958999999999976
13,120048891,1,4,0.5,0.09879999999999728
13,120048891,1,8,0.0,0.021500000000000102
13,120048891,1,8,0.1,0.025400000000000214
13,120048891,1,8,0.3,0.0958999999999976
13,120048891,1,8,0.5,0.11684999999999529
13,120048891,2,8,0.0,0.021500000000000102
13,120048891,2,8,0.1,0.025100000000000205
13,120048891,2,8,0.3,0.047400000000000844
13,120048891,2,8,0.5,0.057550000000001135
13,120048891,2,16,0.0,0.021500000000000102
13,120048891,2,16,0.1,0.03260000000000042
13,120048891,2,16,0.3,0.057950000000001146
13,120048891,2,16,0.5,0.057550000000001135
13,120048891,4,4,0.0,0.021500000000000102
13,120048891,4,4,0.1,0.02460000000000019
13,120048891,4,4,0.3,0.03015000000000035
13,120048891,4,4,0.5,0.04475000000000077
13,120048891,4,8,0.0,0.021500000000000102
13,120048891,4,8,0.1,0.024000000000000174
13,120048891,4,8,0.3,0.032800000000000426
13,120048891,4,8,0.5,0.04475000000000077
13,120048891,1,16,0.0,0.021500000000000102
13,120048891,1,16,0.1,0.034900000000000486
13,120048891,1,16,0.3,0.0958999999999976
13,120048891,1,16,0.5,0.11684999999999529
13,120048891,1,32,0.0,0.021500000000000102
13,120048891,1,32,0.1,0.051300000000000956
13,120048891,1,32,0.3,0.0958999999999976
13,120048891,1,32,0.5,0.11684999999999529
13,120048891,1,64,0.0,0.04295000000000072
13,120048891,1,64,0.1,0.07300000000000012
13,120048891,1,64,0.3,0.10754999999999632
13,120048891,1,64,0.5,0.11684999999999529
13,120048891,2,4,0.0,0.021500000000000102
13,120048891,2,4,0.1,0.03395000000000046
13,120048891,2,4,0.3,0.047400000000000844
13,120048891,2,4,0.5,0.055850000000001086
13,120048891,4,16,0.0,0.021500000000000102
13,120048891,4,16,0.1,0.0284500000000003
13,120048891,4,16,0.3,0.04375000000000074
13,120048891,4,16,0.5,0.04475000000000077
13,120048891,4,32,0.0,0.021500000000000102
13,120048891,4,32,0.1,0.038750000000000596
13,120048891,4,32,0.3,0.04375000000000074
13,120048891,4,32,0.5,0.04830000000000087
12,110048890,8,32,0.0,0.021500000000000102
12,110048890,8,32,0.1,0.02985000000000034
12,110048890,8,32,0.3,0.030300000000000354
12,110048890,8,32,0.5,0.033150000000000436
12,110048890,8,64,0.0,0.021500000000000102
12,110048890,8,64,0.1,0.03615000000000052
12,110048890,8,64,0.3,0.04555000000000079
12,110048890,8,64,0.5,0.04895000000000089
13,120048891,8,8,0.0,0.021500000000000102
13,120048891,8,8,0.1,0.025000000000000203
13,120048891,8,8,0.3,0.032800000000000426
13,120048891,8,8,0.5,0.036300000000000526
13,120048891,8,16,0.0,0.021500000000000102
13,120048891,8,16,0.1,0.026900000000000257
13,120048891,8,16,0.3,0.03925000000000061
13,120048891,8,16,0.5,0.036300000000000526
13,120048891,2,32,0.0,0.03225000000000041
13,120048891,2,32,0.1,0.034500000000000475
13,120048891,2,32,0.3,0.06470000000000103
13,120048891,2,32,0.5,0.09204999999999802
13,120048891,2,64,0.0,0.03225000000000041
13,120048891,2,64,0.1,0.0424500000000007
13,120048891,2,64,0.3,0.06845000000000062
13,120048891,2,64,0.5,0.1085499999999962
13,120048891,4,64,0.0,0.021500000000000102
13,120048891,4,64,0.1,0.04680000000000083
13,120048891,4,64,0.3,0.05470000000000105
13,120048891,4,64,0.5,0.06940000000000052
13,120048891,8,4,0.0,0.021500000000000102
13,120048891,8,4,0.1,0.022000000000000117
13,120048891,8,4,0.3,0.026400000000000243
13,120048891,8,4,0.5,0.02665000000000025
14,130048892,1,4,0.0,0.021500000000000102
14,130048892,1,4,0.1,0.021500000000000102
14,130048892,1,4,0.3,0.05500000000000106
14,130048892,1,4,0.5,0.119549999999995
14,130048892,1,8,0.0,0.021500000000000102
14,130048892,1,8,0.1,0.029250000000000324
14,130048892,1,8,0.3,0.08659999999999862
14,130048892,1,8,0.5,0.119549999999995
14,130048892,4,4,0.0,0.021500000000000102
14,130048892,4,4,0.1,0.022900000000000142
14,130048892,4,4,0.3,0.03080000000000037
14,130048892,4,4,0.5,0.06330000000000119
14,130048892,4,8,0.0,0.021500000000000102
14,130048892,4,8,0.1,0.025400000000000214
14,130048892,4,8,0.3,0.04610000000000081
14,130048892,4,8,0.5,0.06330000000000119
14,130048892,1,16,0.0,0.021500000000000102
14,130048892,1,16,0.1,0.06155000000000125
14,130048892,1,16,0.3,0.08659999999999862
14,130048892,1,16,0.5,0.119549999999995
14,130048892,1,32,0.0,0.021500000000000102
14,130048892,1,32,0.1,0.0858499999999987
14,130048892,1,32,0.3,0.08659999999999862
14,130048892,1,32,0.5,0.119549999999995
14,130048892,2,8,0.0,0.021500000000000102
14,130048892,2,8,0.1,0.029250000000000324
14,130048892,2,8,0.3,0.0598000000000012
14,130048892,2,8,0.5,0.06700000000000078
14,130048892,2,16,0.0,0.021500000000000102
14,130048892,2,16,0.1,0.035550000000000505
14,130048892,2,16,0.3,0.0598000000000012
14,130048892,2,16,0.5,0.06700000000000078
14,130048892,1,64,0.0,0.021500000000000102
14,130048892,1,64,0.1,0.0858499999999987
14,130048892,1,64,0.3,0.09944999999999721
14,130048892,1,64,0.5,0.119549999999995
14,130048892,2,4,0.0,0.021500000000000102
14,130048892,2,4,0.1,0.021500000000000102
14,130048892,2,4,0.3,0.032800000000000426
14,130048892,2,4,0.5,0.06330000000000119
14,130048892,4,16,0.0,0.021500000000000102
14,130048892,4,16,0.1,0.026050000000000233
14,130048892,4,16,0.3,0.04645000000000082
14,130048892,4,16,0.5,0.06330000000000119
14,130048892,4,32,0.0,0.021500000000000102
14,130048892,4,32,0.1,0.03300000000000043
14,130048892,4,32,0.3,0.04645000000000082
14,130048892,4,32,0.5,0.06690000000000079
14,130048892,2,32,0.0,0.021500000000000102
14,130048892,2,32,0.1,0.046050000000000806
14,130048892,2,32,0.3,0.08064999999999928
14,130048892,2,32,0.5,0.07295000000000013
14,130048892,2,64,0.0,0.03225000000000041
14,130048892,2,64,0.1,0.05740000000000113
14,130048892,2,64,0.3,0.09079999999999816
14,130048892,2,64,0.5,0.08894999999999836
13,120048891,8,32,0.0,0.021500000000000102
13,120048891,8,32,0.1,0.03430000000000047
13,120048891,8,32,0.3,0.03925000000000061
13,120048891,8,32,0.5,0.04480000000000077
13,120048891,8,64,0.0,0.021500000000000102
13,120048891,8,64,0.1,0.04790000000000086
13,120048891,8,64,0.3,0.03925000000000061
13,120048891,8,64,0.5,0.047800000000000856
14,130048892,8,8,0.0,0.021500000000000102
14,130048892,8,8,0.1,0.023800000000000168
14,130048892,8,8,0.3,0.03495000000000049
14,130048892,8,8,0.5,0.04725000000000084
14,130048892,8,16,0.0,0.021500000000000102
14,130048892,8,16,0.1,0.02390000000000017
14,130048892,8,16,0.3,0.031350000000000385
14,130048892,8,16,0.5,0.04725000000000084
15,140048893,1,4,0.0,0.021500000000000102
15,140048893,1,4,0.1,0.031000000000000374
15,140048893,1,4,0.3,0.08579999999999871
15,140048893,1,4,0.5,0.06890000000000057
15,140048893,1,8,0.0,0.021500000000000102
15,140048893,1,8,0.1,0.03710000000000055
15,140048893,1,8,0.3,0.0877499999999985
15,140048893,1,8,0.5,0.09424999999999778
14,130048892,4,64,0.0,0.026850000000000256
14,130048892,4,64,0.1,0.03615000000000052
14,130048892,4,64,0.3,0.057200000000001125
14,130048892,4,64,0.5,0.06610000000000088
14,130048892,8,4,0.0,0.021500000000000102
14,130048892,8,4,0.1,0.022000000000000117
14,130048892,8,4,0.3,0.02560000000000022
14,130048892,8,4,0.5,0.04725000000000084
15,140048893,4,4,0.0,0.021500000000000102
15,140048893,4,4,0.1,0.023450000000000158
15,140048893,4,4,0.3,0.06465000000000104
15,140048893,4,4,0.5,0.036650000000000536
15,140048893,4,8,0.0,0.021500000000000102
15,140048893,4,8,0.1,0.0249000000000002
15,140048893,4,8,0.3,0.06465000000000104
15,140048893,4,8,0.5,0.03790000000000057
15,140048893,1,16,0.0,0.021500000000000102
15,140048893,1,16,0.1,0.04120000000000067
15,140048893,1,16,0.3,0.09724999999999745
15,140048893,1,16,0.5,0.10959999999999609
15,140048893,1,32,0.0,0.04295000000000072
15,140048893,1,32,0.1,0.07370000000000004
15,140048893,1,32,0.3,0.11444999999999556
15,140048893,1,32,0.5,0.10959999999999609
15,140048893,2,8,0.0,0.021500000000000102
15,140048893,2,8,0.1,0.03620000000000052
15,140048893,2,8,0.3,0.08579999999999871
15,140048893,2,8,0.5,0.05535000000000107
15,140048893,2,16,0.0,0.021500000000000102
15,140048893,2,16,0.1,0.043600000000000735
15,140048893,2,16,0.3,0.08579999999999871
15,140048893,2,16,0.5,0.0695000000000005
15,140048893,1,64,0.0,0.04295000000000072
15,140048893,1,64,0.1,0.07370000000000004
15,140048893,1,64,0.3,0.12729999999999414
15,140048893,1,64,0.5,0.10959999999999609
15,140048893,2,4,0.0,0.021500000000000102
15,140048893,2,4,0.1,0.026450000000000244
15,140048893,2,4,0.3,0.08579999999999871
15,140048893,2,4,0.5,0.042900000000000715
15,140048893,4,16,0.0,0.021500000000000102
15,140048893,4,16,0.1,0.031350000000000385
15,140048893,4,16,0.3,0.06465000000000104
15,140048893,4,16,0.5,0.05600000000000109
15,140048893,4,32,0.0,0.021500000000000102
15,140048893,4,32,0.1,0.035600000000000506
15,140048893,4,32,0.3,0.06465000000000104
15,140048893,4,32,0.5,0.059000000000001177
15,140048893,8,8,0.0,0.021500000000000102
15,140048893,8,8,0.1,0.022350000000000127
15,140048893,8,8,0.3,0.03465000000000048
15,140048893,8,8,0.5,0.03340000000000044
15,140048893,8,16,0.0,0.021500000000000102
15,140048893,8,16,0.1,0.025750000000000224
15,140048893,8,16,0.3,0.03465000000000048
15,140048893,8,16,0.5,0.030950000000000373
15,140048893,4,64,0.0,0.021500000000000102
15,140048893,4,64,0.1,0.035600000000000506
15,140048893,4,64,0.3,0.06465000000000104
15,140048893,4,64,0.5,0.059000000000001177
15,140048893,8,4,0.0,0.021500000000000102
15,140048893,8,4,0.1,0.022000000000000117
15,140048893,8,4,0.3,0.03465000000000048
15,140048893,8,4,0.5,0.03015000000000035
14,130048892,8,32,0.0,0.021500000000000102
14,130048892,8,32,0.1,0.030650000000000364
14,130048892,8,32,0.3,0.03260000000000042
14,130048892,8,32,0.5,0.04725000000000084
14,130048892,8,64,0.0,0.021500000000000102
14,130048892,8,64,0.1,0.03615000000000052
14,130048892,8,64,0.3,0.04315000000000072
14,130048892,8,64,0.5,0.04725000000000084
15,140048893,2,32,0.0,0.03225000000000041
15,140048893,2,32,0.1,0.043600000000000735
15,140048893,2,32,0.3,0.08579999999999871
15,140048893,2,32,0.5,0.10069999999999707
15,140048893,2,64,0.0,0.03225000000000041
15,140048893,2,64,0.1,0.04905000000000089
15,140048893,2,64,0.3,0.08974999999999828
15,140048893,2,64,0.5,0.10069999999999707
16,150048894,1,4,0.0,0.021500000000000102
16,150048894,1,4,0.1,0.0354000000000005
16,150048894,1,4,0.3,0.10514999999999658
16,150048894,1,4,0.5,0.09529999999999766
16,150048894,1,8,0.0,0.021500000000000102
16,150048894,1,8,0.1,0.02455000000000019
16,150048894,1,8,0.3,0.05110000000000095
16,150048894,1,8,0.5,0.09879999999999728
16,150048894,4,4,0.0,0.021500000000000102
16,150048894,4,4,0.1,0.026450000000000244
16,150048894,4,4,0.3,0.03980000000000063
16,150048894,4,4,0.5,0.0457500000000008
16,150048894,4,8,0.0,0.021500000000000102
16,150048894,4,8,0.1,0.026450000000000244
16,150048894,4,8,0.3,0.033450000000000445
16,150048894,4,8,0.5,0.0457500000000008
16,150048894,2,8,0.0,0.021500000000000102
16,150048894,2,8,0.1,0.029900000000000343
16,150048894,2,8,0.3,0.06055000000000122
16,150048894,2,8,0.5,0.08194999999999913
16,150048894,2,16,0.0,0.021500000000000102
16,150048894,2,16,0.1,0.0389500000000006
16,150048894,2,16,0.3,0.06055000000000122
16,150048894,2,16,0.5,0.08194999999999913
16,150048894,1,16,0.0,0.021500000000000102
16,150048894,1,16,0.1,0.035550000000000505
16,150048894,1,16,0.3,0.07784999999999959
16,150048894,1,16,0.5,0.09879999999999728
16,150048894,1,32,0.0,0.021500000000000102
16,150048894,1,32,0.1,0.110399999999996
16,150048894,1,32,0.3,0.09169999999999806
16,150048894,1,32,0.5,0.10889999999999617
16,150048894,4,16,0.0,0.021500000000000102
16,150048894,4,16,0.1,0.027200000000000266
16,150048894,4,16,0.3,0.03470000000000048
16,150048894,4,16,0.5,0.05050000000000093
16,150048894,4,32,0.0,0.021500000000000102
16,150048894,4,32,0.1,0.030600000000000363
16,150048894,4,32,0.3,0.04030000000000064
16,150048894,4,32,0.5,0.05050000000000093
16,150048894,1,64,0.0,0.04295000000000072
16,150048894,1,64,0.1,0.110399999999996
16,150048894,1,64,0.3,0.09169999999999806
16,150048894,1,64,0.5,0.12834999999999402
16,150048894,2,4,0.0,0.021500000000000102
16,150048894,2,4,0.1,0.028250000000000296
16,150048894,2,4,0.3,0.05425000000000104
16,150048894,2,4,0.5,0.08194999999999913
16,150048894,8,8,0.0,0.021500000000000102
16,150048894,8,8,0.1,0.0249000000000002
16,150048894,8,8,0.3,0.026750000000000253
16,150048894,8,8,0.5,0.03355000000000045
16,150048894,8,16,0.0,0.021500000000000102
16,150048894,8,16,0.1,0.0249000000000002
16,150048894,8,16,0.3,0.02940000000000033
16,150048894,8,16,0.5,0.035900000000000515
16,150048894,2,32,0.0,0.021500000000000102
16,150048894,2,32,0.1,0.05605000000000109
16,150048894,2,32,0.3,0.06055000000000122
16,150048894,2,32,0.5,0.08194999999999913
16,150048894,2,64,0.0,0.03225000000000041
16,150048894,2,64,0.1,0.06840000000000063
16,150048894,2,64,0.3,0.08064999999999928
16,150048894,2,64,0.5,0.08554999999999874
16,150048894,4,64,0.0,0.03225000000000041
16,150048894,4,64,0.1,0.047400000000000844
16,150048894,4,64,0.3,0.054050000000001035
16,150048894,4,64,0.5,0.050950000000000946
16,150048894,8,4,0.0,0.021500000000000102
16,150048894,8,4,0.1,0.0249000000000002
16,150048894,8,4,0.3,0.027950000000000287
16,150048894,8,4,0.5,0.03355000000000045
15,140048893,8,32,0.0,0.021500000000000102
15,140048893,8,32,0.1,0.027800000000000283
15,140048893,8,32,0.3,0.03995000000000063
15,140048893,8,32,0.5,0.04100000000000066
15,140048893,8,64,0.0,0.021500000000000102
15,140048893,8,64,0.1,0.029700000000000337
15,140048893,8,64,0.3,0.03995000000000063
15,140048893,8,64,0.5,0.04100000000000066
17,160048895,1,4,0.0,0.021500000000000102
17,160048895,1,4,0.1,0.021500000000000102
17,160048895,1,4,0.3,0.09629999999999755
17,160048895,1,4,0.5,0.0876499999999985
17,160048895,1,8,0.0,0.021500000000000102
17,160048895,1,8,0.1,0.05145000000000096
17,160048895,1,8,0.3,0.09629999999999755
17,160048895,1,8,0.5,0.09384999999999782
17,160048895,4,4,0.0,0.021500000000000102
17,160048895,4,4,0.1,0.026800000000000254
17,160048895,4,4,0.3,0.0318500000000004
17,160048895,4,4,0.5,0.030950000000000373
17,160048895,4,8,0.0,0.021500000000000102
17,160048895,4,8,0.1,0.030700000000000366
17,160048895,4,8,0.3,0.036900000000000543
17,160048895,4,8,0.5,0.03825000000000058
17,160048895,2,8,0.0,0.021500000000000102
17,160048895,2,8,0.1,0.045350000000000786
17,160048895,2,8,0.3,0.05085000000000094
17,160048895,2,8,0.5,0.06605000000000089
17,160048895,2,16,0.0,0.021500000000000102
17,160048895,2,16,0.1,0.045350000000000786
17,160048895,2,16,0.3,0.05085000000000094
17,160048895,2,16,0.5,0.06605000000000089
17,160048895,1,64,0.0,0.04295000000000072
17,160048895,1,64,0.1,0.09809999999999736
17,160048895,1,64,0.3,0.12244999999999467
17,160048895,1,64,0.5,0.12254999999999466
17,160048895,2,4,0.0,0.021500000000000102
17,160048895,2,4,0.1,0.029700000000000337
17,160048895,2,4,0.3,0.05085000000000094
17,160048895,2,4,0.5,0.054800000000001056
17,160048895,1,16,0.0,0.021500000000000102
17,160048895,1,16,0.1,0.05145000000000096
17,160048895,1,16,0.3,0.09629999999999755
17,160048895,1,16,0.5,0.110399999999996
17,160048895,1,32,0.0,0.021500000000000102
17,160048895,1,32,0.1,0.054100000000001036
17,160048895,1,32,0.3,0.09629999999999755
17,160048895,1,32,0.5,0.12254999999999466
17,160048895,4,16,0.0,0.021500000000000102
17,160048895,4,16,0.1,0.030700000000000366
17,160048895,4,16,0.3,0.036900000000000543
17,160048895,4,16,0.5,0.047050000000000834
17,160048895,4,32,0.0,0.021500000000000102
17,160048895,4,32,0.1,0.030700000000000366
17,160048895,4,32,0.3,0.046350000000000814
17,160048895,4,32,0.5,0.051650000000000966
17,160048895,2,32,0.0,0.021500000000000102
17,160048895,2,32,0.1,0.045350000000000786
17,160048895,2,32,0.3,0.07070000000000037
17,160048895,2,32,0.5,0.06605000000000089
17,160048895,2,64,0.0,0.021500000000000102
17,160048895,2,64,0.1,0.05565000000000108
17,160048895,2,64,0.3,0.07070000000000037
17,160048895,2,64,0.5,0.07574999999999982
17,160048895,8,8,0.0,0.021500000000000102
17,160048895,8,8,0.1,0.03055000000000036
17,160048895,8,8,0.3,0.02870000000000031
17,160048895,8,8,0.5,0.035250000000000496
17,160048895,8,16,0.0,0.021500000000000102
17,160048895,8,16,0.1,0.03055000000000036
17,160048895,8,16,0.3,0.02870000000000031
17,160048895,8,16,0.5,0.035250000000000496
16,150048894,8,32,0.0,0.021500000000000102
16,150048894,8,32,0.1,0.03015000000000035
16,150048894,8,32,0.3,0.035200000000000495
16,150048894,8,32,0.5,0.03745000000000056
16,150048894,8,64,0.0,0.021500000000000102
16,150048894,8,64,0.1,0.034150000000000465
16,150048894,8,64,0.3,0.03580000000000051
16,150048894,8,64,0.5,0.041850000000000685
18,170048896,1,4,0.0,0.021500000000000102
18,170048896,1,4,0.1,0.021500000000000102
18,170048896,1,4,0.3,0.07095000000000035
18,170048896,1,4,0.5,0.04200000000000069
18,170048896,1,8,0.0,0.021500000000000102
18,170048896,1,8,0.1,0.04195000000000069
18,170048896,1,8,0.3,0.08089999999999925
18,170048896,1,8,0.5,0.06265000000000126
17,160048895,4,64,0.0,0.021500000000000102
17,160048895,4,64,0.1,0.0388500000000006
17,160048895,4,64,0.3,0.04755000000000085
17,160048895,4,64,0.5,0.057900000000001145
17,160048895,8,4,0.0,0.021500000000000102
17,160048895,8,4,0.1,0.023450000000000158
17,160048895,8,4,0.3,0.02730000000000027
17,160048895,8,4,0.5,0.035250000000000496
18,170048896,4,4,0.0,0.021500000000000102
18,170048896,4,4,0.1,0.02735000000000027
18,170048896,4,4,0.3,0.02875000000000031
18,170048896,4,4,0.5,0.03790000000000057
18,170048896,4,8,0.0,0.021500000000000102
18,170048896,4,8,0.1,0.03650000000000053
18,170048896,4,8,0.3,0.03295000000000043
18,170048896,4,8,0.5,0.042900000000000715
18,170048896,2,8,0.0,0.021500000000000102
18,170048896,2,8,0.1,0.03845000000000059
18,170048896,2,8,0.3,0.04105000000000066
18,170048896,2,8,0.5,0.04840000000000087
18,170048896,2,16,0.0,0.021500000000000102
18,170048896,2,16,0.1,0.03845000000000059
18,170048896,2,16,0.3,0.04905000000000089
18,170048896,2,16,0.5,0.07365000000000005
18,170048896,1,16,0.0,0.021500000000000102
18,170048896,1,16,0.1,0.06005000000000121
18,170048896,1,16,0.3,0.08089999999999925
18,170048896,1,16,0.5,0.09089999999999815
18,170048896,1,32,0.0,0.04295000000000072
18,170048896,1,32,0.1,0.06005000000000121
18,170048896,1,32,0.3,0.08339999999999897
18,170048896,1,32,0.5,0.15099999999999153
18,170048896,1,64,0.0,0.04295000000000072
18,170048896,1,64,0.1,0.07385000000000003
18,170048896,1,64,0.3,0.1149999999999955
18,170048896,1,64,0.5,0.15099999999999153
18,170048896,2,4,0.0,0.021500000000000102
18,170048896,2,4,0.1,0.03845000000000059
18,170048896,2,4,0.3,0.037600000000000564
18,170048896,2,4,0.5,0.04840000000000087
18,170048896,4,16,0.0,0.021500000000000102
18,170048896,4,16,0.1,0.03650000000000053
18,170048896,4,16,0.3,0.03295000000000043
18,170048896,4,16,0.5,0.042900000000000715
18,170048896,4,32,0.0,0.021500000000000102
18,170048896,4,32,0.1,0.03650000000000053
18,170048896,4,32,0.3,0.04680000000000083
18,170048896,4,32,0.5,0.06375000000000114
18,170048896,8,8,0.0,0.021500000000000102
18,170048896,8,8,0.1,0.02910000000000032
18,170048896,8,8,0.3,0.02700000000000026
18,170048896,8,8,0.5,0.033450000000000445
18,170048896,8,16,0.0,0.021500000000000102
18,170048896,8,16,0.1,0.030350000000000356
18,170048896,8,16,0.3,0.03305000000000043
18,170048896,8,16,0.5,0.03360000000000045
18,170048896,4,64,0.0,0.026850000000000256
18,170048896,4,64,0.1,0.04515000000000078
18,170048896,4,64,0.3,0.05780000000000114
18,170048896,4,64,0.5,0.06965000000000049
18,170048896,8,4,0.0,0.021500000000000102
18,170048896,8,4,0.1,0.027600000000000277
18,170048896,8,4,0.3,0.025100000000000205
18,170048896,8,4,0.5,0.03120000000000038
17,160048895,8,32,0.0,0.021500000000000102
17,160048895,8,32,0.1,0.03055000000000036
17,160048895,8,32,0.3,0.03270000000000042
17,160048895,8,32,0.5,0.040100000000000635
17,160048895,8,64,0.0,0.021500000000000102
17,160048895,8,64,0.1,0.03225000000000041
17,160048895,8,64,0.3,0.03635000000000053
17,160048895,8,64,0.5,0.04735000000000084
18,170048896,2,32,0.0,0.03225000000000041
18,170048896,2,32,0.1,0.03845000000000059
18,170048896,2,32,0.3,0.07285000000000014
18,170048896,2,32,0.5,0.08509999999999879
18,170048896,2,64,0.0,0.04295000000000072
18,170048896,2,64,0.1,0.07070000000000037
18,170048896,2,64,0.3,0.08029999999999932
18,170048896,2,64,0.5,0.08509999999999879
19,180048897,1,4,0.0,0.021500000000000102
19,180048897,1,4,0.1,0.06945000000000051
19,180048897,1,4,0.3,0.06800000000000067
19,180048897,1,4,0.5,0.08299999999999902
19,180048897,1,8,0.0,0.021500000000000102
19,180048897,1,8,0.1,0.08854999999999841
19,180048897,1,8,0.3,0.07654999999999973
19,180048897,1,8,0.5,0.09489999999999771
19,180048897,4,4,0.0,0.021500000000000102
19,180048897,4,4,0.1,0.03250000000000042
19,180048897,4,4,0.3,0.04620000000000081
19,180048897,4,4,0.5,0.047800000000000856
19,180048897,4,8,0.0,0.021500000000000102
19,180048897,4,8,0.1,0.03605000000000052
19,180048897,4,8,0.3,0.04620000000000081
19,180048897,4,8,0.5,0.0564500000000011
19,180048897,2,8,0.0,0.021500000000000102
19,180048897,2,8,0.1,0.05320000000000101
19,180048897,2,8,0.3,0.04485000000000077
19,180048897,2,8,0.5,0.08124999999999921
19,180048897,2,16,0.0,0.03225000000000041
19,180048897,2,16,0.1,0.05320000000000101
19,180048897,2,16,0.3,0.053700000000001025
19,180048897,2,16,0.5,0.10249999999999687
19,180048897,1,16,0.0,0.021500000000000102
19,180048897,1,16,0.1,0.08854999999999841
19,180048897,1,16,0.3,0.07654999999999973
19,180048897,1,16,0.5,0.10069999999999707
19,180048897,1,32,0.0,0.04295000000000072
19,180048897,1,32,0.1,0.08854999999999841
19,180048897,1,32,0.3,0.12919999999999393
19,180048897,1,32,0.5,0.13884999999999287
19,180048897,1,64,0.0,0.04295000000000072
19,180048897,1,64,0.1,0.08854999999999841
19,180048897,1,64,0.3,0.12919999999999393
19,180048897,1,64,0.5,0.13884999999999287
19,180048897,2,4,0.0,0.021500000000000102
19,180048897,2,4,0.1,0.040800000000000655
19,180048897,2,4,0.3,0.04485000000000077
19,180048897,2,4,0.5,0.04055000000000065
19,180048897,4,16,0.0,0.026850000000000256
19,180048897,4,16,0.1,0.03685000000000054
19,180048897,4,16,0.3,0.04620000000000081
19,180048897,4,16,0.5,0.08289999999999903
19,180048897,4,32,0.0,0.026850000000000256
19,180048897,4,32,0.1,0.03685000000000054
19,180048897,4,32,0.3,0.057200000000001125
19,180048897,4,32,0.5,0.08289999999999903
18,170048896,8,32,0.0,0.021500000000000102
18,170048896,8,32,0.1,0.030350000000000356
18,170048896,8,32,0.3,0.045700000000000796
18,170048896,8,32,0.5,0.03635000000000053
18,170048896,8,64,0.0,0.02420000000000018
18,170048896,8,64,0.1,0.0423500000000007
18,170048896,8,64,0.3,0.049550000000000906
18,170048896,8,64,0.5,0.04175000000000068
19,180048897,8,8,0.0,0.021500000000000102
19,180048897,8,8,0.1,0.024400000000000185
19,180048897,8,8,0.3,0.02880000000000031
19,180048897,8,8,0.5,0.0388000000000006
19,180048897,8,16,0.0,0.021500000000000102
19,180048897,8,16,0.1,0.02945000000000033
19,180048897,8,16,0.3,0.033500000000000446
19,180048897,8,16,0.5,0.04860000000000088
19,180048897,2,32,0.0,0.03225000000000041
19,180048897,2,32,0.1,0.05320000000000101
19,180048897,2,32,0.3,0.07994999999999935
19,180048897,2,32,0.5,0.10249999999999687
19,180048897,2,64,0.0,0.03225000000000041
19,180048897,2,64,0.1,0.05320000000000101
19,180048897,2,64,0.3,0.07994999999999935
19,180048897,2,64,0.5,0.10249999999999687
19,180048897,4,64,0.0,0.026850000000000256
19,180048897,4,64,0.1,0.04835000000000087
19,180048897,4,64,0.3,0.057200000000001125
19,180048897,4,64,0.5,0.08299999999999902
19,180048897,8,4,0.0,0.021500000000000102
19,180048897,8,4,0.1,0.024000000000000174
19,180048897,8,4,0.3,0.0319000000000004
19,180048897,8,4,0.5,0.0388000000000006
20,190048898,1,4,0.0,0.021500000000000102
20,190048898,1,4,0.1,0.039100000000000606
20,190048898,1,4,0.3,0.07694999999999969
20,190048898,1,4,0.5,0.08629999999999866
20,190048898,1,8,0.0,0.021500000000000102
20,190048898,1,8,0.1,0.039100000000000606
20,190048898,1,8,0.3,0.09024999999999822
20,190048898,1,8,0.5,0.11759999999999521
20,190048898,4,4,0.0,0.021500000000000102
20,190048898,4,4,0.1,0.025050000000000204
20,190048898,4,4,0.3,0.034200000000000466
20,190048898,4,4,0.5,0.03405000000000046
20,190048898,4,8,0.0,0.021500000000000102
20,190048898,4,8,0.1,0.024700000000000194
20,190048898,4,8,0.3,0.034200000000000466
20,190048898,4,8,0.5,0.03655000000000053
20,190048898,2,8,0.0,0.021500000000000102
20,190048898,2,8,0.1,0.03020000000000035
20,190048898,2,8,0.3,0.04665000000000082
20,190048898,2,8,0.5,0.05875000000000117
20,190048898,2,16,0.0,0.021500000000000102
20,190048898,2,16,0.1,0.0353000000000005
20,190048898,2,16,0.3,0.05415000000000104
20,190048898,2,16,0.5,0.05875000000000117
20,190048898,1,16,0.0,0.021500000000000102
20,190048898,1,16,0.1,0.06295000000000123
20,190048898,1,16,0.3,0.10824999999999624
20,190048898,1,16,0.5,0.11759999999999521
20,190048898,1,32,0.0,0.04295000000000072
20,190048898,1,32,0.1,0.07165000000000027
20,190048898,1,32,0.3,0.10824999999999624
20,190048898,1,32,0.5,0.12109999999999482
20,190048898,1,64,0.0,0.04295000000000072
20,190048898,1,64,0.1,0.07165000000000027
20,190048898,1,64,0.3,0.11929999999999502
20,190048898,1,64,0.5,0.12564999999999432
20,190048898,2,4,0.0,0.021500000000000102
20,190048898,2,4,0.1,0.03475000000000048
20,190048898,2,4,0.3,0.04665000000000082
20,190048898,2,4,0.5,0.057950000000001146
20,190048898,4,16,0.0,0.021500000000000102
20,190048898,4,16,0.1,0.024700000000000194
20,190048898,4,16,0.3,0.034200000000000466
20,190048898,4,16,0.5,0.04305000000000072
20,190048898,4,32,0.0,0.021500000000000102
20,190048898,4,32,0.1,0.048500000000000876
20,190048898,4,32,0.3,0.04725000000000084
20,190048898,4,32,0.5,0.04445000000000076
20,190048898,8,8,0.0,0.021500000000000102
20,190048898,8,8,0.1,0.023700000000000165
20,190048898,8,8,0.3,0.029350000000000327
20,190048898,8,8,0.5,0.027950000000000287
20,190048898,8,16,0.0,0.021500000000000102
20,190048898,8,16,0.1,0.02555000000000022
20,190048898,8,16,0.3,0.031000000000000374
20,190048898,8,16,0.5,0.03265000000000042
20,190048898,2,32,0.0,0.021500000000000102
20,190048898,2,32,0.1,0.041850000000000685
20,190048898,2,32,0.3,0.0812999999999992
20,190048898,2,32,0.5,0.06455000000000105
20,190048898,2,64,0.0,0.03225000000000041
20,190048898,2,64,0.1,0.04420000000000075
20,190048898,2,64,0.3,0.0812999999999992
20,190048898,2,64,0.5,0.07559999999999983
20,190048898,4,64,0.0,0.021500000000000102
20,190048898,4,64,0.1,0.048500000000000876
20,190048898,4,64,0.3,0.060350000000001215
20,190048898,4,64,0.5,0.05945000000000119
20,190048898,8,4,0.0,0.021500000000000102
20,190048898,8,4,0.1,0.022200000000000122
20,190048898,8,4,0.3,0.02525000000000021
20,190048898,8,4,0.5,0.02800000000000029
19,180048897,8,32,0.0,0.021500000000000102
19,180048897,8,32,0.1,0.030650000000000364
19,180048897,8,32,0.3,0.04435000000000076
19,180048897,8,32,0.5,0.04860000000000088
19,180048897,8,64,0.0,0.021500000000000102
19,180048897,8,64,0.1,0.03270000000000042
19,180048897,8,64,0.3,0.04435000000000076
19,180048897,8,64,0.5,0.06280000000000124
21,200048899,1,4,0.0,0.021500000000000102
21,200048899,1,4,0.1,0.04770000000000085
21,200048899,1,4,0.3,0.07634999999999975
21,200048899,1,4,0.5,0.07185000000000025
21,200048899,1,8,0.0,0.021500000000000102
21,200048899,1,8,0.1,0.04770000000000085
21,200048899,1,8,0.3,0.11504999999999549
21,200048899,1,8,0.5,0.10239999999999688
21,200048899,2,8,0.0,0.021500000000000102
21,200048899,2,8,0.1,0.030750000000000367
21,200048899,2,8,0.3,0.059600000000001194
21,200048899,2,8,0.5,0.07290000000000013
21,200048899,2,16,0.0,0.021500000000000102
21,200048899,2,16,0.1,0.04350000000000073
21,200048899,2,16,0.3,0.059600000000001194
21,200048899,2,16,0.5,0.07290000000000013
21,200048899,4,4,0.0,0.021500000000000102
21,200048899,4,4,0.1,0.022600000000000134
21,200048899,4,4,0.3,0.034550000000000476
21,200048899,4,4,0.5,0.04060000000000065
21,200048899,4,8,0.0,0.021500000000000102
21,200048899,4,8,0.1,0.029650000000000336
21,200048899,4,8,0.3,0.059600000000001194
21,200048899,4,8,0.5,0.05110000000000095
21,200048899,1,64,0.0,0.04295000000000072
21,200048899,1,64,0.1,0.08474999999999883
21,200048899,1,64,0.3,0.13524999999999326
21,200048899,1,64,0.5,0.1357999999999932
21,200048899,2,4,0.0,0.021500000000000102
21,200048899,2,4,0.1,0.025050000000000204
21,200048899,2,4,0.3,0.0494000000000009
21,200048899,2,4,0.5,0.04415000000000075
21,200048899,1,16,0.0,0.021500000000000102
21,200048899,1,16,0.1,0.08474999999999883
21,200048899,1,16,0.3,0.11504999999999549
21,200048899,1,16,0.5,0.10239999999999688
21,200048899,1,32,0.0,0.04295000000000072
21,200048899,1,32,0.1,0.08474999999999883
21,200048899,1,32,0.3,0.11504999999999549
21,200048899,1,32,0.5,0.1312499999999937
21,200048899,4,16,0.0,0.021500000000000102
21,200048899,4,16,0.1,0.029650000000000336
21,200048899,4,16,0.3,0.059600000000001194
21,200048899,4,16,0.5,0.05110000000000095
21,200048899,4,32,0.0,0.021500000000000102
21,200048899,4,32,0.1,0.03570000000000051
21,200048899,4,32,0.3,0.059600000000001194
21,200048899,4,32,0.5,0.0732000000000001
21,200048899,8,8,0.0,0.021500000000000102
21,200048899,8,8,0.1,0.03015000000000035
21,200048899,8,8,0.3,0.03395000000000046
21,200048899,8,8,0.5,0.029000000000000317
21,200048899,8,16,0.0,0.021500000000000102
21,200048899,8,16,0.1,0.03015000000000035
21,200048899,8,16,0.3,0.03395000000000046
21,200048899,8,16,0.5,0.029000000000000317
20,190048898,8,32,0.0,0.021500000000000102
20,190048898,8,32,0.1,0.028250000000000296
20,190048898,8,32,0.3,0.05070000000000094
20,190048898,8,32,0.5,0.034900000000000486
20,190048898,8,64,0.0,0.021500000000000102
20,190048898,8,64,0.1,0.03390000000000046
20,190048898,8,64,0.3,0.0562500000000011
20,190048898,8,64,0.5,0.052650000000000995
21,200048899,2,32,0.0,0.03225000000000041
21,200048899,2,32,0.1,0.05850000000000116
21,200048899,2,32,0.3,0.059600000000001194
21,200048899,2,32,0.5,0.10874999999999618
21,200048899,2,64,0.0,0.03225000000000041
21,200048899,2,64,0.1,0.05850000000000116
21,200048899,2,64,0.3,0.0858499999999987
21,200048899,2,64,0.5,0.10874999999999618
21,200048899,4,64,0.0,0.021500000000000102
21,200048899,4,64,0.1,0.04795000000000086
21,200048899,4,64,0.3,0.07190000000000024
21,200048899,4,64,0.5,0.07155000000000028
21,200048899,8,4,0.0,0.021500000000000102
21,200048899,8,4,0.1,0.021950000000000115
21,200048899,8,4,0.3,0.025850000000000227
21,200048899,8,4,0.5,0.026150000000000236
22,210048900,1,4,0.0,0.021500000000000102
22,210048900,1,4,0.1,0.06185000000000126
22,210048900,1,4,0.3,0.10429999999999667
22,210048900,1,4,0.5,0.083149999999999
22,210048900,1,8,0.0,0.021500000000000102
22,210048900,1,8,0.1,0.06185000000000126
22,210048900,1,8,0.3,0.10554999999999654
22,210048900,1,8,0.5,0.09609999999999758
22,210048900,4,4,0.0,0.021500000000000102
22,210048900,4,4,0.1,0.025000000000000203
22,210048900,4,4,0.3,0.02770000000000028
22,210048900,4,4,0.5,0.03165000000000039
22,210048900,4,8,0.0,0.021500000000000102
22,210048900,4,8,0.1,0.042850000000000714
22,210048900,4,8,0.3,0.058650000000001166
22,210048900,4,8,0.5,0.04340000000000073
22,210048900,2,8,0.0,0.021500000000000102
22,210048900,2,8,0.1,0.042850000000000714
22,210048900,2,8,0.3,0.07724999999999965
22,210048900,2,8,0.5,0.060650000000001224
22,210048900,2,16,0.0,0.021500000000000102
22,210048900,2,16,0.1,0.042850000000000714
22,210048900,2,16,0.3,0.07724999999999965
22,210048900,2,16,0.5,0.060650000000001224
22,210048900,1,16,0.0,0.021500000000000102
22,210048900,1,16,0.1,0.06425000000000108
22,210048900,1,16,0.3,0.10554999999999654
22,210048900,1,16,0.5,0.09609999999999758
22,210048900,1,32,0.0,0.021500000000000102
22,210048900,1,32,0.1,0.07065000000000038
22,210048900,1,32,0.3,0.10554999999999654
22,210048900,1,32,0.5,0.10654999999999643
22,210048900,4,16,0.0,0.021500000000000102
22,210048900,4,16,0.1,0.042850000000000714
22,210048900,4,16,0.3,0.058650000000001166
22,210048900,4,16,0.5,0.04070000000000065
22,210048900,4,32,0.0,0.021500000000000102
22,210048900,4,32,0.1,0.042850000000000714
22,210048900,4,32,0.3,0.058650000000001166
22,210048900,4,32,0.5,0.05565000000000108
22,210048900,8,8,0.0,0.021500000000000102
22,210048900,8,8,0.1,0.03325000000000044
22,210048900,8,8,0.3,0.043250000000000725
22,210048900,8,8,0.5,0.033850000000000456
22,210048900,8,16,0.0,0.021500000000000102
22,210048900,8,16,0.1,0.03325000000000044
22,210048900,8,16,0.3,0.043250000000000725
22,210048900,8,16,0.5,0.0284000000000003
22,210048900,1,64,0.0,0.04295000000000072
22,210048900,1,64,0.1,0.09149999999999808
22,210048900,1,64,0.3,0.10554999999999654
22,210048900,1,64,0.5,0.18289999999998802
22,210048900,2,4,0.0,0.021500000000000102
22,210048900,2,4,0.1,0.038000000000000575
22,210048900,2,4,0.3,0.052900000000001
22,210048900,2,4,0.5,0.060650000000001224
22,210048900,2,32,0.0,0.021500000000000102
22,210048900,2,32,0.1,0.042850000000000714
22,210048900,2,32,0.3,0.07724999999999965
22,210048900,2,32,0.5,0.06740000000000074
22,210048900,2,64,0.0,0.03225000000000041
22,210048900,2,64,0.1,0.058600000000001165
22,210048900,2,64,0.3,0.08694999999999858
22,210048900,2,64,0.5,0.09209999999999802
21,200048899,8,32,0.0,0.021500000000000102
21,200048899,8,32,0.1,0.03015000000000035
21,200048899,8,32,0.3,0.03395000000000046
21,200048899,8,32,0.5,0.04840000000000087
21,200048899,8,64,0.0,0.021500000000000102
21,200048899,8,64,0.1,0.03740000000000056
21,200048899,8,64,0.3,0.039750000000000625
21,200048899,8,64,0.5,0.048850000000000886
23,220048901,1,4,0.0,0.021500000000000102
23,220048901,1,4,0.1,0.021500000000000102
23,220048901,1,4,0.3,0.05870000000000117
23,220048901,1,4,0.5,0.06760000000000072
23,220048901,1,8,0.0,0.021500000000000102
23,220048901,1,8,0.1,0.050600000000000936
23,220048901,1,8,0.3,0.07639999999999975
23,220048901,1,8,0.5,0.083199999999999
22,210048900,4,64,0.0,0.021500000000000102
22,210048900,4,64,0.1,0.042850000000000714
22,210048900,4,64,0.3,0.058650000000001166
22,210048900,4,64,0.5,0.06055000000000122
22,210048900,8,4,0.0,0.021500000000000102
22,210048900,8,4,0.1,0.022300000000000125
22,210048900,8,4,0.3,0.023450000000000158
22,210048900,8,4,0.5,0.02870000000000031
23,220048901,4,4,0.0,0.021500000000000102
23,220048901,4,4,0.1,0.024100000000000177
23,220048901,4,4,0.3,0.038650000000000594
23,220048901,4,4,0.5,0.04200000000000069
23,220048901,4,8,0.0,0.021500000000000102
23,220048901,4,8,0.1,0.02950000000000033
23,220048901,4,8,0.3,0.053050000000001006
23,220048901,4,8,0.5,0.04720000000000084
23,220048901,2,8,0.0,0.021500000000000102
23,220048901,2,8,0.1,0.03215000000000041
23,220048901,2,8,0.3,0.06510000000000099
23,220048901,2,8,0.5,0.05610000000000109
23,220048901,2,16,0.0,0.021500000000000102
23,220048901,2,16,0.1,0.0354500000000005
23,220048901,2,16,0.3,0.06510000000000099
23,220048901,2,16,0.5,0.05845000000000116
23,220048901,1,16,0.0,0.021500000000000102
23,220048901,1,16,0.1,0.050600000000000936
23,220048901,1,16,0.3,0.10464999999999663
23,220048901,1,16,0.5,0.10214999999999691
23,220048901,1,32,0.0,0.021500000000000102
23,220048901,1,32,0.1,0.07649999999999973
23,220048901,1,32,0.3,0.10464999999999663
23,220048901,1,32,0.5,0.12694999999999418
23,220048901,1,64,0.0,0.04295000000000072
23,220048901,1,64,0.1,0.09489999999999771
23,220048901,1,64,0.3,0.10464999999999663
23,220048901,1,64,0.5,0.13924999999999282
23,220048901,2,4,0.0,0.021500000000000102
23,220048901,2,4,0.1,0.03515000000000049
23,220048901,2,4,0.3,0.050250000000000926
23,220048901,2,4,0.5,0.05610000000000109
23,220048901,4,16,0.0,0.021500000000000102
23,220048901,4,16,0.1,0.02950000000000033
23,220048901,4,16,0.3,0.053050000000001006
23,220048901,4,16,0.5,0.05845000000000116
23,220048901,4,32,0.0,0.021500000000000102
23,220048901,4,32,0.1,0.03780000000000057
23,220048901,4,32,0.3,0.053050000000001006
23,220048901,4,32,0.5,0.06610000000000088
23,220048901,8,8,0.0,0.021500000000000102
23,220048901,8,8,0.1,0.02560000000000022
23,220048901,8,8,0.3,0.03295000000000043
23,220048901,8,8,0.5,0.04165000000000068
23,220048901,8,16,0.0,0.021500000000000102
23,220048901,8,16,0.1,0.02560000000000022
23,220048901,8,16,0.3,0.03295000000000043
23,220048901,8,16,0.5,0.04165000000000068
23,220048901,4,64,0.0,0.021500000000000102
23,220048901,4,64,0.1,0.04975000000000091
23,220048901,4,64,0.3,0.057500000000001134
23,220048901,4,64,0.5,0.06610000000000088
23,220048901,8,4,0.0,0.021500000000000102
23,220048901,8,4,0.1,0.022250000000000124
23,220048901,8,4,0.3,0.03295000000000043
23,220048901,8,4,0.5,0.04165000000000068
22,210048900,8,32,0.0,0.021500000000000102
22,210048900,8,32,0.1,0.03325000000000044
22,210048900,8,32,0.3,0.043250000000000725
22,210048900,8,32,0.5,0.03400000000000046
22,210048900,8,64,0.0,0.021500000000000102
22,210048900,8,64,0.1,0.041150000000000665
22,210048900,8,64,0.3,0.043250000000000725
22,210048900,8,64,0.5,0.04310000000000072
23,220048901,2,32,0.0,0.021500000000000102
23,220048901,2,32,0.1,0.05080000000000094
23,220048901,2,32,0.3,0.06510000000000099
23,220048901,2,32,0.5,0.09959999999999719
23,220048901,2,64,0.0,0.03225000000000041
23,220048901,2,64,0.1,0.06005000000000121
23,220048901,2,64,0.3,0.07574999999999982
23,220048901,2,64,0.5,0.1049499999999966
24,230048902,1,4,0.0,0.021500000000000102
24,230048902,1,4,0.1,0.06635000000000085
24,230048902,1,4,0.3,0.08289999999999903
24,230048902,1,4,0.5,0.06545000000000095
24,230048902,1,8,0.0,0.021500000000000102
24,230048902,1,8,0.1,0.06635000000000085
24,230048902,1,8,0.3,0.060700000000001225
24,230048902,1,8,0.5,0.09059999999999818
24,230048902,4,4,0.0,0.021500000000000102
24,230048902,4,4,0.1,0.026900000000000257
24,230048902,4,4,0.3,0.02950000000000033
24,230048902,4,4,0.5,0.04050000000000065
24,230048902,4,8,0.0,0.021500000000000102
24,230048902,4,8,0.1,0.03080000000000037
24,230048902,4,8,0.3,0.03150000000000039
24,230048902,4,8,0.5,0.045300000000000784
24,230048902,2,8,0.0,0.021500000000000102
24,230048902,2,8,0.1,0.03635000000000053
24,230048902,2,8,0.3,0.048450000000000874
24,230048902,2,8,0.5,0.07170000000000026
24,230048902,2,16,0.0,0.021500000000000102
24,230048902,2,16,0.1,0.04450000000000076
24,230048902,2,16,0.3,0.06395000000000112
24,230048902,2,16,0.5,0.07170000000000026
24,230048902,1,16,0.0,0.021500000000000102
24,230048902,1,16,0.1,0.06635000000000085
24,230048902,1,16,0.3,0.06630000000000086
24,230048902,1,16,0.5,0.11374999999999563
24,230048902,1,32,0.0,0.04295000000000072
24,230048902,1,32,0.1,0.07569999999999982
24,230048902,1,32,0.3,0.07644999999999974
24,230048902,1,32,0.5,0.11374999999999563
24,230048902,1,64,0.0,0.04295000000000072
24,230048902,1,64,0.1,0.06635000000000085
24,230048902,1,64,0.3,0.10089999999999705
24,230048902,1,64,0.5,0.11374999999999563
24,230048902,2,4,0.0,0.021500000000000102
24,230048902,2,4,0.1,0.039750000000000625
24,230048902,2,4,0.3,0.043950000000000745
24,230048902,2,4,0.5,0.06200000000000126
24,230048902,4,16,0.0,0.021500000000000102
24,230048902,4,16,0.1,0.03080000000000037
24,230048902,4,16,0.3,0.03300000000000043
24,230048902,4,16,0.5,0.045300000000000784
24,230048902,4,32,0.0,0.021500000000000102
24,230048902,4,32,0.1,0.04265000000000071
24,230048902,4,32,0.3,0.0493500000000009
24,230048902,4,32,0.5,0.05415000000000104
24,230048902,8,8,0.0,0.021500000000000102
24,230048902,8,8,0.1,0.02450000000000019
24,230048902,8,8,0.3,0.026900000000000257
24,230048902,8,8,0.5,0.03410000000000046
24,230048902,8,16,0.0,0.021500000000000102
24,230048902,8,16,0.1,0.02555000000000022
24,230048902,8,16,0.3,0.02985000000000034
24,230048902,8,16,0.5,0.03410000000000046
24,230048902,2,32,0.0,0.021500000000000102
24,230048902,2,32,0.1,0.055150000000001066
24,230048902,2,32,0.3,0.06395000000000112
24,230048902,2,32,0.5,0.07170000000000026
24,230048902,2,64,0.0,0.03225000000000041
24,230048902,2,64,0.1,0.062100000000001265
24,230048902,2,64,0.3,0.06395000000000112
24,230048902,2,64,0.5,0.08259999999999906
23,220048901,8,32,0.0,0.021500000000000102
23,220048901,8,32,0.1,0.029250000000000324
23,220048901,8,32,0.3,0.03335000000000044
23,220048901,8,32,0.5,0.046050000000000806
23,220048901,8,64,0.0,0.021500000000000102
23,220048901,8,64,0.1,0.04100000000000066
23,220048901,8,64,0.3,0.04440000000000076
23,220048901,8,64,0.5,0.04830000000000087
24,230048902,4,64,0.0,0.021500000000000102
24,230048902,4,64,0.1,0.04265000000000071
24,230048902,4,64,0.3,0.05110000000000095
24,230048902,4,64,0.5,0.0597500000000012
24,230048902,8,4,0.0,0.021500000000000102
24,230048902,8,4,0.1,0.02450000000000019
24,230048902,8,4,0.3,0.024750000000000195
24,230048902,8,4,0.5,0.029300000000000326
25,240048903,1,4,0.0,0.021500000000000102
25,240048903,1,4,0.1,0.021500000000000102
25,240048903,1,4,0.3,0.065000000000001
25,240048903,1,4,0.5,0.10284999999999683
25,240048903,1,8,0.0,0.021500000000000102
25,240048903,1,8,0.1,0.049500000000000904
25,240048903,1,8,0.3,0.06720000000000076
25,240048903,1,8,0.5,0.10284999999999683
25,240048903,4,4,0.0,0.021500000000000102
25,240048903,4,4,0.1,0.032400000000000415
25,240048903,4,4,0.3,0.02800000000000029
25,240048903,4,4,0.5,0.04065000000000065
25,240048903,4,8,0.0,0.021500000000000102
25,240048903,4,8,0.1,0.032400000000000415
25,240048903,4,8,0.3,0.02800000000000029
25,240048903,4,8,0.5,0.04065000000000065
25,240048903,2,8,0.0,0.021500000000000102
25,240048903,2,8,0.1,0.035200000000000495
25,240048903,2,8,0.3,0.0422500000000007
25,240048903,2,8,0.5,0.05495000000000106
25,240048903,2,16,0.0,0.021500000000000102
25,240048903,2,16,0.1,0.046050000000000806
25,240048903,2,16,0.3,0.0458000000000008
25,240048903,2,16,0.5,0.09024999999999822
25,240048903,1,16,0.0,0.04295000000000072
25,240048903,1,16,0.1,0.049500000000000904
25,240048903,1,16,0.3,0.09029999999999822
25,240048903,1,16,0.5,0.10284999999999683
25,240048903,1,32,0.0,0.04295000000000072
25,240048903,1,32,0.1,0.06645000000000084
25,240048903,1,32,0.3,0.0995499999999972
25,240048903,1,32,0.5,0.11864999999999509
25,240048903,1,64,0.0,0.04295000000000072
25,240048903,1,64,0.1,0.07030000000000042
25,240048903,1,64,0.3,0.11114999999999592
25,240048903,1,64,0.5,0.12659999999999422
25,240048903,2,4,0.0,0.021500000000000102
25,240048903,2,4,0.1,0.035200000000000495
25,240048903,2,4,0.3,0.037950000000000574
25,240048903,2,4,0.5,0.05135000000000096
25,240048903,8,8,0.0,0.021500000000000102
25,240048903,8,8,0.1,0.026750000000000253
25,240048903,8,8,0.3,0.026500000000000246
25,240048903,8,8,0.5,0.027600000000000277
25,240048903,8,16,0.0,0.021500000000000102
25,240048903,8,16,0.1,0.026750000000000253
25,240048903,8,16,0.3,0.0284500000000003
25,240048903,8,16,0.5,0.028200000000000294
25,240048903,4,16,0.0,0.021500000000000102
25,240048903,4,16,0.1,0.032400000000000415
25,240048903,4,16,0.3,0.045700000000000796
25,240048903,4,16,0.5,0.0458500000000008
25,240048903,4,32,0.0,0.021500000000000102
25,240048903,4,32,0.1,0.038650000000000594
25,240048903,4,32,0.3,0.045700000000000796
25,240048903,4,32,0.5,0.05365000000000102
25,240048903,2,32,0.0,0.03225000000000041
25,240048903,2,32,0.1,0.06605000000000089
25,240048903,2,32,0.3,0.054400000000001045
25,240048903,2,32,0.5,0.09024999999999822
25,240048903,2,64,0.0,0.03225000000000041
25,240048903,2,64,0.1,0.07564999999999983
25,240048903,2,64,0.3,0.08454999999999885
25,240048903,2,64,0.5,0.09024999999999822
24,230048902,8,32,0.0,0.021500000000000102
24,230048902,8,32,0.1,0.03400000000000046
24,230048902,8,32,0.3,0.03265000000000042
24,230048902,8,32,0.5,0.042200000000000695
24,230048902,8,64,0.0,0.021500000000000102
24,230048902,8,64,0.1,0.03400000000000046
24,230048902,8,64,0.3,0.039000000000000604
24,230048902,8,64,0.5,0.04365000000000074
25,240048903,4,64,0.0,0.026850000000000256
25,240048903,4,64,0.1,0.054400000000001045
25,240048903,4,64,0.3,0.06795000000000068
25,240048903,4,64,0.5,0.06655000000000083
25,240048903,8,4,0.0,0.021500000000000102
25,240048903,8,4,0.1,0.02390000000000017
25,240048903,8,4,0.3,0.025100000000000205
25,240048903,8,4,0.5,0.027600000000000277
26,250048904,1,4,0.0,0.021500000000000102
26,250048904,1,4,0.1,0.03360000000000045
26,250048904,1,4,0.3,0.07789999999999958
26,250048904,1,4,0.5,0.07999999999999935
26,250048904,1,8,0.0,0.021500000000000102
26,250048904,1,8,0.1,0.03360000000000045
26,250048904,1,8,0.3,0.08299999999999902
26,250048904,1,8,0.5,0.10664999999999641
26,250048904,2,8,0.0,0.021500000000000102
26,250048904,2,8,0.1,0.032100000000000406
26,250048904,2,8,0.3,0.042900000000000715
26,250048904,2,8,0.5,0.05050000000000093
26,250048904,2,16,0.0,0.021500000000000102
26,250048904,2,16,0.1,0.04015000000000064
26,250048904,2,16,0.3,0.04435000000000076
26,250048904,2,16,0.5,0.05450000000000105
26,250048904,4,4,0.0,0.021500000000000102
26,250048904,4,4,0.1,0.025800000000000226
26,250048904,4,4,0.3,0.03425000000000047
26,250048904,4,4,0.5,0.03220000000000041
26,250048904,4,8,0.0,0.021500000000000102
26,250048904,4,8,0.1,0.025800000000000226
26,250048904,4,8,0.3,0.03425000000000047
26,250048904,4,8,0.5,0.03220000000000041
26,250048904,1,16,0.0,0.021500000000000102
26,250048904,1,16,0.1,0.059000000000001177
26,250048904,1,16,0.3,0.08299999999999902
26,250048904,1,16,0.5,0.11054999999999598
26,250048904,1,32,0.0,0.04295000000000072
26,250048904,1,32,0.1,0.059000000000001177
26,250048904,1,32,0.3,0.10744999999999633
26,250048904,1,32,0.5,0.1239999999999945
26,250048904,1,64,0.0,0.04295000000000072
26,250048904,1,64,0.1,0.06915000000000054
26,250048904,1,64,0.3,0.11414999999999559
26,250048904,1,64,0.5,0.1295999999999939
26,250048904,2,4,0.0,0.021500000000000102
26,250048904,2,4,0.1,0.032100000000000406
26,250048904,2,4,0.3,0.042900000000000715
26,250048904,2,4,0.5,0.04835000000000087
26,250048904,8,8,0.0,0.021500000000000102
26,250048904,8,8,0.1,0.023100000000000148
26,250048904,8,8,0.3,0.028200000000000294
26,250048904,8,8,0.5,0.02945000000000033
26,250048904,8,16,0.0,0.021500000000000102
26,250048904,8,16,0.1,0.02765000000000028
26,250048904,8,16,0.3,0.03250000000000042
26,250048904,8,16,0.5,0.03740000000000056
26,250048904,4,16,0.0,0.021500000000000102
26,250048904,4,16,0.1,0.029250000000000324
26,250048904,4,16,0.3,0.03425000000000047
26,250048904,4,16,0.5,0.04085000000000066
26,250048904,4,32,0.0,0.021500000000000102
26,250048904,4,32,0.1,0.03575000000000051
26,250048904,4,32,0.3,0.04195000000000069
26,250048904,4,32,0.5,0.06365000000000115
25,240048903,8,32,0.0,0.021500000000000102
25,240048903,8,32,0.1,0.029900000000000343
25,240048903,8,32,0.3,0.03405000000000046
25,240048903,8,32,0.5,0.044250000000000754
25,240048903,8,64,0.0,0.021500000000000102
25,240048903,8,64,0.1,0.035550000000000505
25,240048903,8,64,0.3,0.052000000000000976
25,240048903,8,64,0.5,0.05450000000000105
26,250048904,2,32,0.0,0.021500000000000102
26,250048904,2,32,0.1,0.05005000000000092
26,250048904,2,32,0.3,0.05700000000000112
26,250048904,2,32,0.5,0.06745000000000073
26,250048904,2,64,0.0,0.03225000000000041
26,250048904,2,64,0.1,0.05005000000000092
26,250048904,2,64,0.3,0.09569999999999762
26,250048904,2,64,0.5,0.1067499999999964
26,250048904,4,64,0.0,0.03225000000000041
26,250048904,4,64,0.1,0.04825000000000087
26,250048904,4,64,0.3,0.09809999999999736
26,250048904,4,64,0.5,0.06765000000000071
26,250048904,8,4,0.0,0.021500000000000102
26,250048904,8,4,0.1,0.02320000000000015
26,250048904,8,4,0.3,0.027150000000000264
26,250048904,8,4,0.5,0.025100000000000205
27,260048905,1,4,0.0,0.021500000000000102
27,260048905,1,4,0.1,0.021500000000000102
27,260048905,1,4,0.3,0.08649999999999863
27,260048905,1,4,0.5,0.10304999999999681
27,260048905,1,8,0.0,0.021500000000000102
27,260048905,1,8,0.1,0.047800000000000856
27,260048905,1,8,0.3,0.07529999999999987
27,260048905,1,8,0.5,0.10304999999999681
27,260048905,2,8,0.0,0.021500000000000102
27,260048905,2,8,0.1,0.03585000000000051
27,260048905,2,8,0.3,0.04660000000000082
27,260048905,2,8,0.5,0.057550000000001135
27,260048905,2,16,0.0,0.021500000000000102
27,260048905,2,16,0.1,0.0354500000000005
27,260048905,2,16,0.3,0.07559999999999983
27,260048905,2,16,0.5,0.06195000000000126
27,260048905,4,4,0.0,0.021500000000000102
27,260048905,4,4,0.1,0.024350000000000184
27,260048905,4,4,0.3,0.028250000000000296
27,260048905,4,4,0.5,0.03220000000000041
27,260048905,4,8,0.0,0.021500000000000102
27,260048905,4,8,0.1,0.0354500000000005
27,260048905,4,8,0.3,0.028250000000000296
27,260048905,4,8,0.5,0.03230000000000041
27,260048905,1,16,0.0,0.021500000000000102
27,260048905,1,16,0.1,0.05215000000000098
27,260048905,1,16,0.3,0.09729999999999744
27,260048905,1,16,0.5,0.119449999999995
27,260048905,1,32,0.0,0.04295000000000072
27,260048905,1,32,0.1,0.05765000000000114
27,260048905,1,32,0.3,0.09729999999999744
27,260048905,1,32,0.5,0.13839999999999292
27,260048905,1,64,0.0,0.04295000000000072
27,260048905,1,64,0.1,0.07240000000000019
27,260048905,1,64,0.3,0.11974999999999497
27,260048905,1,64,0.5,0.1620499999999903
27,260048905,2,4,0.0,0.021500000000000102
27,260048905,2,4,0.1,0.03440000000000047
27,260048905,2,4,0.3,0.04660000000000082
27,260048905,2,4,0.5,0.057550000000001135
27,260048905,4,16,0.0,0.021500000000000102
27,260048905,4,16,0.1,0.0354500000000005
27,260048905,4,16,0.3,0.041850000000000685
27,260048905,4,16,0.5,0.03390000000000046
27,260048905,4,32,0.0,0.021500000000000102
27,260048905,4,32,0.1,0.0354500000000005
27,260048905,4,32,0.3,0.04295000000000072
27,260048905,4,32,0.5,0.05415000000000104
27,260048905,8,8,0.0,0.021500000000000102
27,260048905,8,8,0.1,0.02455000000000019
27,260048905,8,8,0.3,0.030050000000000347
27,260048905,8,8,0.5,0.02740000000000027
27,260048905,8,16,0.0,0.021500000000000102
27,260048905,8,16,0.1,0.02455000000000019
27,260048905,8,16,0.3,0.030050000000000347
27,260048905,8,16,0.5,0.029350000000000327
26,250048904,8,32,0.0,0.021500000000000102
26,250048904,8,32,0.1,0.02765000000000028
26,250048904,8,32,0.3,0.03515000000000049
26,250048904,8,32,0.5,0.043250000000000725
26,250048904,8,64,0.0,0.021500000000000102
26,250048904,8,64,0.1,0.03400000000000046
26,250048904,8,64,0.3,0.045000000000000775
26,250048904,8,64,0.5,0.052650000000000995
27,260048905,4,64,0.0,0.021500000000000102
27,260048905,4,64,0.1,0.044600000000000764
27,260048905,4,64,0.3,0.053750000000001026
27,260048905,4,64,0.5,0.062100000000001265
27,260048905,8,4,0.0,0.021500000000000102
27,260048905,8,4,0.1,0.021950000000000115
27,260048905,8,4,0.3,0.030050000000000347
27,260048905,8,4,0.5,0.02880000000000031
27,260048905,2,32,0.0,0.021500000000000102
27,260048905,2,32,0.1,0.0354500000000005
27,260048905,2,32,0.3,0.07944999999999941
27,260048905,2,32,0.5,0.07884999999999948
27,260048905,2,64,0.0,0.03225000000000041
27,260048905,2,64,0.1,0.05870000000000117
27,260048905,2,64,0.3,0.0886499999999984
27,260048905,2,64,0.5,0.10349999999999676
28,270048906,1,4,0.0,0.021500000000000102
28,270048906,1,4,0.1,0.021500000000000102
28,270048906,1,4,0.3,0.048150000000000866
28,270048906,1,4,0.5,0.07844999999999952
28,270048906,1,8,0.0,0.021500000000000102
28,270048906,1,8,0.1,0.044250000000000754
28,270048906,1,8,0.3,0.08189999999999914
28,270048906,1,8,0.5,0.10929999999999612
28,270048906,4,4,0.0,0.021500000000000102
28,270048906,4,4,0.1,0.02425000000000018
28,270048906,4,4,0.3,0.027150000000000264
28,270048906,4,4,0.5,0.05260000000000099
28,270048906,4,8,0.0,0.021500000000000102
28,270048906,4,8,0.1,0.02425000000000018
28,270048906,4,8,0.3,0.04455000000000076
28,270048906,4,8,0.5,0.05075000000000094
28,270048906,2,8,0.0,0.021500000000000102
28,270048906,2,8,0.1,0.03045000000000036
28,270048906,2,8,0.3,0.06115000000000124
28,270048906,2,8,0.5,0.05075000000000094
28,270048906,2,16,0.0,0.03225000000000041
28,270048906,2,16,0.1,0.05100000000000095
28,270048906,2,16,0.3,0.08339999999999897
28,270048906,2,16,0.5,0.09074999999999817
28,270048906,1,64,0.0,0.04295000000000072
28,270048906,1,64,0.1,0.09149999999999808
28,270048906,1,64,0.3,0.13714999999999306
28,270048906,1,64,0.5,0.14099999999999263
28,270048906,2,4,0.0,0.021500000000000102
28,270048906,2,4,0.1,0.028300000000000297
28,270048906,2,4,0.3,0.03015000000000035
28,270048906,2,4,0.5,0.06290000000000123
28,270048906,1,16,0.0,0.04295000000000072
28,270048906,1,16,0.1,0.09519999999999768
28,270048906,1,16,0.3,0.08189999999999914
28,270048906,1,16,0.5,0.11784999999999518
28,270048906,1,32,0.0,0.04295000000000072
28,270048906,1,32,0.1,0.048500000000000876
28,270048906,1,32,0.3,0.0840999999999989
28,270048906,1,32,0.5,0.14099999999999263
28,270048906,4,16,0.0,0.021500000000000102
28,270048906,4,16,0.1,0.02940000000000033
28,270048906,4,16,0.3,0.04455000000000076
28,270048906,4,16,0.5,0.05135000000000096
28,270048906,4,32,0.0,0.026850000000000256
28,270048906,4,32,0.1,0.038700000000000595
28,270048906,4,32,0.3,0.04455000000000076
28,270048906,4,32,0.5,0.05135000000000096
27,260048905,8,32,0.0,0.021500000000000102
27,260048905,8,32,0.1,0.0248500000000002
27,260048905,8,32,0.3,0.03215000000000041
27,260048905,8,32,0.5,0.035550000000000505
27,260048905,8,64,0.0,0.021500000000000102
27,260048905,8,64,0.1,0.029650000000000336
27,260048905,8,64,0.3,0.040750000000000654
27,260048905,8,64,0.5,0.043600000000000735
28,270048906,8,8,0.0,0.021500000000000102
28,270048906,8,8,0.1,0.021950000000000115
28,270048906,8,8,0.3,0.029200000000000323
28,270048906,8,8,0.5,0.03015000000000035
28,270048906,8,16,0.0,0.021500000000000102
28,270048906,8,16,0.1,0.02940000000000033
28,270048906,8,16,0.3,0.029200000000000323
28,270048906,8,16,0.5,0.036650000000000536
28,270048906,2,32,0.0,0.03225000000000041
28,270048906,2,32,0.1,0.03585000000000051
28,270048906,2,32,0.3,0.08339999999999897
28,270048906,2,32,0.5,0.09074999999999817
28,270048906,2,64,0.0,0.03225000000000041
28,270048906,2,64,0.1,0.048800000000000884
28,270048906,2,64,0.3,0.08339999999999897
28,270048906,2,64,0.5,0.09074999999999817
28,270048906,4,64,0.0,0.026850000000000256
28,270048906,4,64,0.1,0.04140000000000067
28,270048906,4,64,0.3,0.04525000000000078
28,270048906,4,64,0.5,0.0704500000000004
28,270048906,8,4,0.0,0.021500000000000102
28,270048906,8,4,0.1,0.021950000000000115
28,270048906,8,4,0.3,0.027100000000000263
28,270048906,8,4,0.5,0.029600000000000334
29,280048907,1,4,0.0,0.021500000000000102
29,280048907,1,4,0.1,0.021500000000000102
29,280048907,1,4,0.3,0.09199999999999803
29,280048907,1,4,0.5,0.08179999999999915
29,280048907,1,8,0.0,0.021500000000000102
29,280048907,1,8,0.1,0.04435000000000076
29,280048907,1,8,0.3,0.09889999999999727
29,280048907,1,8,0.5,0.10244999999999688
29,280048907,4,4,0.0,0.021500000000000102
29,280048907,4,4,0.1,0.023300000000000154
29,280048907,4,4,0.3,0.0424000000000007
29,280048907,4,4,0.5,0.03750000000000056
29,280048907,4,8,0.0,0.021500000000000102
29,280048907,4,8,0.1,0.029600000000000334
29,280048907,4,8,0.3,0.05215000000000098
29,280048907,4,8,0.5,0.04715000000000084
29,280048907,1,16,0.0,0.021500000000000102
29,280048907,1,16,0.1,0.05525000000000107
29,280048907,1,16,0.3,0.09889999999999727
29,280048907,1,16,0.5,0.10244999999999688
29,280048907,1,32,0.0,0.021500000000000102
29,280048907,1,32,0.1,0.06820000000000065
29,280048907,1,32,0.3,0.09974999999999717
29,280048907,1,32,0.5,0.10469999999999663
29,280048907,1,64,0.0,0.04295000000000072
29,280048907,1,64,0.1,0.09194999999999803
29,280048907,1,64,0.3,0.13234999999999358
29,280048907,1,64,0.5,0.13419999999999338
29,280048907,2,4,0.0,0.021500000000000102
29,280048907,2,4,0.1,0.028650000000000307
29,280048907,2,4,0.3,0.04615000000000081
29,280048907,2,4,0.5,0.04170000000000068
29,280048907,2,8,0.0,0.021500000000000102
29,280048907,2,8,0.1,0.04435000000000076
29,280048907,2,8,0.3,0.09889999999999727
29,280048907,2,8,0.5,0.10244999999999688
29,280048907,2,16,0.0,0.021500000000000102
29,280048907,2,16,0.1,0.04435000000000076
29,280048907,2,16,0.3,0.09889999999999727
29,280048907,2,16,0.5,0.10244999999999688
29,280048907,4,16,0.0,0.021500000000000102
29,280048907,4,16,0.1,0.03705000000000055
29,280048907,4,16,0.3,0.05215000000000098
29,280048907,4,16,0.5,0.04715000000000084
29,280048907,4,32,0.0,0.021500000000000102
29,280048907,4,32,0.1,0.039750000000000625
29,280048907,4,32,0.3,0.060350000000001215
29,280048907,4,32,0.5,0.052800000000001
29,280048907,8,8,0.0,0.021500000000000102
29,280048907,8,8,0.1,0.029300000000000326
29,280048907,8,8,0.3,0.029700000000000337
29,280048907,8,8,0.5,0.03990000000000063
29,280048907,8,16,0.0,0.021500000000000102
29,280048907,8,16,0.1,0.029300000000000326
29,280048907,8,16,0.3,0.029700000000000337
29,280048907,8,16,0.5,0.03990000000000063
28,270048906,8,32,0.0,0.021500000000000102
28,270048906,8,32,0.1,0.026050000000000233
28,270048906,8,32,0.3,0.037350000000000556
28,270048906,8,32,0.5,0.043550000000000734
28,270048906,8,64,0.0,0.021500000000000102
28,270048906,8,64,0.1,0.03300000000000043
28,270048906,8,64,0.3,0.04795000000000086
28,270048906,8,64,0.5,0.059000000000001177
29,280048907,2,32,0.0,0.021500000000000102
29,280048907,2,32,0.1,0.04435000000000076
29,280048907,2,32,0.3,0.09889999999999727
29,280048907,2,32,0.5,0.10244999999999688
29,280048907,2,64,0.0,0.03225000000000041
29,280048907,2,64,0.1,0.054400000000001045
29,280048907,2,64,0.3,0.11814999999999515
29,280048907,2,64,0.5,0.11694999999999528
30,290048908,1,4,0.0,0.021500000000000102
30,290048908,1,4,0.1,0.034500000000000475
30,290048908,1,4,0.3,0.05745000000000113
30,290048908,1,4,0.5,0.08459999999999884
30,290048908,1,8,0.0,0.021500000000000102
30,290048908,1,8,0.1,0.05225000000000098
30,290048908,1,8,0.3,0.06700000000000078
30,290048908,1,8,0.5,0.08459999999999884
29,280048907,4,64,0.0,0.021500000000000102
29,280048907,4,64,0.1,0.04060000000000065
29,280048907,4,64,0.3,0.06600000000000089
29,280048907,4,64,0.5,0.06455000000000105
29,280048907,8,4,0.0,0.021500000000000102
29,280048907,8,4,0.1,0.02180000000000011
29,280048907,8,4,0.3,0.03340000000000044
29,280048907,8,4,0.5,0.028500000000000303
30,290048908,2,8,0.0,0.021500000000000102
30,290048908,2,8,0.1,0.05225000000000098
30,290048908,2,8,0.3,0.04735000000000084
30,290048908,2,8,0.5,0.06055000000000122
30,290048908,2,16,0.0,0.021500000000000102
30,290048908,2,16,0.1,0.05225000000000098
30,290048908,2,16,0.3,0.04735000000000084
30,290048908,2,16,0.5,0.06805000000000067
30,290048908,4,4,0.0,0.021500000000000102
30,290048908,4,4,0.1,0.023250000000000152
30,290048908,4,4,0.3,0.03125000000000038
30,290048908,4,4,0.5,0.03635000000000053
30,290048908,4,8,0.0,0.021500000000000102
30,290048908,4,8,0.1,0.03810000000000058
30,290048908,4,8,0.3,0.0388000000000006
30,290048908,4,8,0.5,0.041150000000000665
30,290048908,1,16,0.0,0.04295000000000072
30,290048908,1,16,0.1,0.05225000000000098
30,290048908,1,16,0.3,0.07729999999999965
30,290048908,1,16,0.5,0.08564999999999873
30,290048908,1,32,0.0,0.04295000000000072
30,290048908,1,32,0.1,0.06235000000000127
30,290048908,1,32,0.3,0.08884999999999837
30,290048908,1,32,0.5,0.11869999999999509
30,290048908,1,64,0.0,0.04295000000000072
30,290048908,1,64,0.1,0.06235000000000127
30,290048908,1,64,0.3,0.09794999999999737
30,290048908,1,64,0.5,0.1275499999999941
30,290048908,2,4,0.0,0.021500000000000102
30,290048908,2,4,0.1,0.025750000000000224
30,290048908,2,4,0.3,0.044300000000000755
30,290048908,2,4,0.5,0.052750000000001
30,290048908,4,16,0.0,0.021500000000000102
30,290048908,4,16,0.1,0.03810000000000058
30,290048908,4,16,0.3,0.04295000000000072
30,290048908,4,16,0.5,0.052300000000000985
30,290048908,4,32,0.0,0.021500000000000102
30,290048908,4,32,0.1,0.03810000000000058
30,290048908,4,32,0.3,0.04295000000000072
30,290048908,4,32,0.5,0.052300000000000985
30,290048908,2,32,0.0,0.021500000000000102
30,290048908,2,32,0.1,0.052950000000001
30,290048908,2,32,0.3,0.05400000000000103
30,290048908,2,32,0.5,0.06805000000000067
30,290048908,2,64,0.0,0.03225000000000041
30,290048908,2,64,0.1,0.05225000000000098
30,290048908,2,64,0.3,0.0786499999999995
30,290048908,2,64,0.5,0.07744999999999963
30,290048908,8,8,0.0,0.021500000000000102
30,290048908,8,8,0.1,0.02980000000000034
30,290048908,8,8,0.3,0.03230000000000041
30,290048908,8,8,0.5,0.03635000000000053
30,290048908,8,16,0.0,0.021500000000000102
30,290048908,8,16,0.1,0.02980000000000034
30,290048908,8,16,0.3,0.04295000000000072
30,290048908,8,16,0.5,0.03635000000000053
30,290048908,4,64,0.0,0.021500000000000102
30,290048908,4,64,0.1,0.03810000000000058
30,290048908,4,64,0.3,0.07599999999999979
30,290048908,4,64,0.5,0.06230000000000127
30,290048908,8,4,0.0,0.021500000000000102
30,290048908,8,4,0.1,0.021900000000000114
30,290048908,8,4,0.3,0.03045000000000036
30,290048908,8,4,0.5,0.03635000000000053
29,280048907,8,32,0.0,0.021500000000000102
29,280048907,8,32,0.1,0.03600000000000052
29,280048907,8,32,0.3,0.039050000000000605
29,280048907,8,32,0.5,0.03990000000000063
29,280048907,8,64,0.0,0.021500000000000102
29,280048907,8,64,0.1,0.03600000000000052
29,280048907,8,64,0.3,0.04820000000000087
29,280048907,8,64,0.5,0.05170000000000097
31,300048909,1,4,0.0,0.021500000000000102
31,300048909,1,4,0.1,0.10284999999999683
31,300048909,1,4,0.3,0.038350000000000585
31,300048909,1,4,0.5,0.08524999999999877
31,300048909,1,8,0.0,0.021500000000000102
31,300048909,1,8,0.1,0.05540000000000107
31,300048909,1,8,0.3,0.110399999999996
31,300048909,1,8,0.5,0.09484999999999771
31,300048909,2,8,0.0,0.021500000000000102
31,300048909,2,8,0.1,0.03655000000000053
31,300048909,2,8,0.3,0.05805000000000115
31,300048909,2,8,0.5,0.05505000000000106
31,300048909,2,16,0.0,0.021500000000000102
31,300048909,2,16,0.1,0.042500000000000704
31,300048909,2,16,0.3,0.05805000000000115
31,300048909,2,16,0.5,0.05525000000000107
31,300048909,4,4,0.0,0.021500000000000102
31,300048909,4,4,0.1,0.04445000000000076
31,300048909,4,4,0.3,0.027950000000000287
31,300048909,4,4,0.5,0.06150000000000125
31,300048909,4,8,0.0,0.021500000000000102
31,300048909,4,8,0.1,0.02905000000000032
31,300048909,4,8,0.3,0.039450000000000617
31,300048909,4,8,0.5,0.06150000000000125
31,300048909,1,16,0.0,0.021500000000000102
31,300048909,1,16,0.1,0.07110000000000033
31,300048909,1,16,0.3,0.110399999999996
31,300048909,1,16,0.5,0.10659999999999642
31,300048909,1,32,0.0,0.04295000000000072
31,300048909,1,32,0.1,0.08154999999999918
31,300048909,1,32,0.3,0.12634999999999424
31,300048909,1,32,0.5,0.11264999999999575
31,300048909,1,64,0.0,0.06445000000000106
31,300048909,1,64,0.1,0.08154999999999918
31,300048909,1,64,0.3,0.12634999999999424
31,300048909,1,64,0.5,0.12904999999999395
31,300048909,2,4,0.0,0.021500000000000102
31,300048909,2,4,0.1,0.07564999999999983
31,300048909,2,4,0.3,0.03515000000000049
31,300048909,2,4,0.5,0.05505000000000106
31,300048909,4,16,0.0,0.021500000000000102
31,300048909,4,16,0.1,0.031100000000000377
31,300048909,4,16,0.3,0.039450000000000617
31,300048909,4,16,0.5,0.06150000000000125
31,300048909,4,32,0.0,0.021500000000000102
31,300048909,4,32,0.1,0.036900000000000543
31,300048909,4,32,0.3,0.04770000000000085
31,300048909,4,32,0.5,0.06150000000000125
31,300048909,8,8,0.0,0.021500000000000102
31,300048909,8,8,0.1,0.026750000000000253
31,300048909,8,8,0.3,0.030050000000000347
31,300048909,8,8,0.5,0.03635000000000053
31,300048909,8,16,0.0,0.021500000000000102
31,300048909,8,16,0.1,0.026850000000000256
31,300048909,8,16,0.3,0.030050000000000347
31,300048909,8,16,0.5,0.04555000000000079
31,300048909,2,32,0.0,0.021500000000000102
31,300048909,2,32,0.1,0.05045000000000093
31,300048909,2,32,0.3,0.07030000000000042
31,300048909,2,32,0.5,0.07105000000000034
31,300048909,2,64,0.0,0.03225000000000041
31,300048909,2,64,0.1,0.05045000000000093
31,300048909,2,64,0.3,0.07030000000000042
31,300048909,2,64,0.5,0.08569999999999872
31,300048909,4,64,0.0,0.021500000000000102
31,300048909,4,64,0.1,0.038350000000000585
31,300048909,4,64,0.3,0.04840000000000087
31,300048909,4,64,0.5,0.06715000000000076
31,300048909,8,4,0.0,0.021500000000000102
31,300048909,8,4,0.1,0.03300000000000043
31,300048909,8,4,0.3,0.024300000000000183
31,300048909,8,4,0.5,0.03500000000000049
30,290048908,8,32,0.0,0.021500000000000102
30,290048908,8,32,0.1,0.033800000000000455
30,290048908,8,32,0.3,0.04295000000000072
30,290048908,8,32,0.5,0.04400000000000075
30,290048908,8,64,0.0,0.021500000000000102
30,290048908,8,64,0.1,0.033800000000000455
30,290048908,8,64,0.3,0.04345000000000073
30,290048908,8,64,0.5,0.049150000000000894
32,310048910,1,4,0.0,0.021500000000000102
32,310048910,1,4,0.1,0.05505000000000106
32,310048910,1,4,0.3,0.06690000000000079
32,310048910,1,4,0.5,0.10594999999999649
32,310048910,1,8,0.0,0.021500000000000102
32,310048910,1,8,0.1,0.05505000000000106
32,310048910,1,8,0.3,0.07120000000000032
32,310048910,1,8,0.5,0.10594999999999649
32,310048910,4,4,0.0,0.021500000000000102
32,310048910,4,4,0.1,0.027850000000000284
32,310048910,4,4,0.3,0.0283500000000003
32,310048910,4,4,0.5,0.041150000000000665
32,310048910,4,8,0.0,0.021500000000000102
32,310048910,4,8,0.1,0.027850000000000284
32,310048910,4,8,0.3,0.031350000000000385
32,310048910,4,8,0.5,0.041150000000000665
32,310048910,2,8,0.0,0.021500000000000102
32,310048910,2,8,0.1,0.04200000000000069
32,310048910,2,8,0.3,0.048800000000000884
32,310048910,2,8,0.5,0.051300000000000956
32,310048910,2,16,0.0,0.021500000000000102
32,310048910,2,16,0.1,0.04200000000000069
32,310048910,2,16,0.3,0.0493500000000009
32,310048910,2,16,0.5,0.059650000000001195
32,310048910,1,16,0.0,0.021500000000000102
32,310048910,1,16,0.1,0.05505000000000106
32,310048910,1,16,0.3,0.09969999999999718
32,310048910,1,16,0.5,0.11534999999999546
32,310048910,1,32,0.0,0.021500000000000102
32,310048910,1,32,0.1,0.05505000000000106
32,310048910,1,32,0.3,0.09969999999999718
32,310048910,1,32,0.5,0.12624999999999426
32,310048910,1,64,0.0,0.04295000000000072
32,310048910,1,64,0.1,0.10619999999999646
32,310048910,1,64,0.3,0.11539999999999545
32,310048910,1,64,0.5,0.13809999999999295
32,310048910,2,4,0.0,0.021500000000000102
32,310048910,2,4,0.1,0.04200000000000069
32,310048910,2,4,0.3,0.04415000000000075
32,310048910,2,4,0.5,0.051300000000000956
32,310048910,4,16,0.0,0.021500000000000102
32,310048910,4,16,0.1,0.027850000000000284
32,310048910,4,16,0.3,0.04050000000000065
32,310048910,4,16,0.5,0.064950000000001
32,310048910,4,32,0.0,0.021500000000000102
32,310048910,4,32,0.1,0.04130000000000067
32,310048910,4,32,0.3,0.05070000000000094
32,310048910,4,32,0.5,0.064950000000001
32,310048910,8,8,0.0,0.021500000000000102
32,310048910,8,8,0.1,0.025150000000000207
32,310048910,8,8,0.3,0.026200000000000237
32,310048910,8,8,0.5,0.03575000000000051
32,310048910,8,16,0.0,0.021500000000000102
32,310048910,8,16,0.1,0.025150000000000207
32,310048910,8,16,0.3,0.03125000000000038
32,310048910,8,16,0.5,0.04735000000000084
32,310048910,2,32,0.0,0.021500000000000102
32,310048910,2,32,0.1,0.04200000000000069
32,310048910,2,32,0.3,0.05070000000000094
32,310048910,2,32,0.5,0.06555000000000094
32,310048910,2,64,0.0,0.03225000000000041
32,310048910,2,64,0.1,0.07415
32,310048910,2,64,0.3,0.08834999999999843
32,310048910,2,64,0.5,0.0958499999999976
31,300048909,8,32,0.0,0.021500000000000102
31,300048909,8,32,0.1,0.02770000000000028
31,300048909,8,32,0.3,0.031100000000000377
31,300048909,8,32,0.5,0.045650000000000794
31,300048909,8,64,0.0,0.021500000000000102
31,300048909,8,64,0.1,0.029900000000000343
31,300048909,8,64,0.3,0.036600000000000535
31,300048909,8,64,0.5,0.045650000000000794
32,310048910,4,64,0.0,0.021500000000000102
32,310048910,4,64,0.1,0.043900000000000744
32,310048910,4,64,0.3,0.05500000000000106
32,310048910,4,64,0.5,0.064950000000001
32,310048910,8,4,0.0,0.021500000000000102
32,310048910,8,4,0.1,0.025150000000000207
32,310048910,8,4,0.3,0.0249000000000002
32,310048910,8,4,0.5,0.028550000000000304
33,320048911,1,4,0.0,0.021500000000000102
33,320048911,1,4,0.1,0.049550000000000906
33,320048911,1,4,0.3,0.043550000000000734
33,320048911,1,4,0.5,0.11719999999999525
33,320048911,1,8,0.0,0.021500000000000102
33,320048911,1,8,0.1,0.049550000000000906
33,320048911,1,8,0.3,0.0858999999999987
33,320048911,1,8,0.5,0.11719999999999525
33,320048911,2,8,0.0,0.021500000000000102
33,320048911,2,8,0.1,0.03285000000000043
33,320048911,2,8,0.3,0.0598000000000012
33,320048911,2,8,0.5,0.05540000000000107
33,320048911,2,16,0.0,0.021500000000000102
33,320048911,2,16,0.1,0.04330000000000073
33,320048911,2,16,0.3,0.0598000000000012
33,320048911,2,16,0.5,0.05835000000000116
33,320048911,4,4,0.0,0.021500000000000102
33,320048911,4,4,0.1,0.03285000000000043
33,320048911,4,4,0.3,0.03270000000000042
33,320048911,4,4,0.5,0.052700000000000996
33,320048911,4,8,0.0,0.021500000000000102
33,320048911,4,8,0.1,0.03285000000000043
33,320048911,4,8,0.3,0.03270000000000042
33,320048911,4,8,0.5,0.052700000000000996
33,320048911,1,64,0.0,0.04295000000000072
33,320048911,1,64,0.1,0.08539999999999875
33,320048911,1,64,0.3,0.10834999999999623
33,320048911,1,64,0.5,0.13599999999999318
33,320048911,2,4,0.0,0.021500000000000102
33,320048911,2,4,0.1,0.03285000000000043
33,320048911,2,4,0.3,0.0598000000000012
33,320048911,2,4,0.5,0.05540000000000107
33,320048911,1,16,0.0,0.021500000000000102
33,320048911,1,16,0.1,0.08539999999999875
33,320048911,1,16,0.3,0.10834999999999623
33,320048911,1,16,0.5,0.11719999999999525
33,320048911,1,32,0.0,0.021500000000000102
33,320048911,1,32,0.1,0.08539999999999875
33,320048911,1,32,0.3,0.10834999999999623
33,320048911,1,32,0.5,0.11719999999999525
33,320048911,4,16,0.0,0.021500000000000102
33,320048911,4,16,0.1,0.03285000000000043
33,320048911,4,16,0.3,0.034150000000000465
33,320048911,4,16,0.5,0.052700000000000996
33,320048911,4,32,0.0,0.021500000000000102
33,320048911,4,32,0.1,0.03640000000000053
33,320048911,4,32,0.3,0.055850000000001086
33,320048911,4,32,0.5,0.052700000000000996
33,320048911,8,8,0.0,0.021500000000000102
33,320048911,8,8,0.1,0.027800000000000283
33,320048911,8,8,0.3,0.02735000000000027
33,320048911,8,8,0.5,0.034150000000000465
33,320048911,8,16,0.0,0.021500000000000102
33,320048911,8,16,0.1,0.030050000000000347
33,320048911,8,16,0.3,0.03465000000000048
33,320048911,8,16,0.5,0.034150000000000465
32,310048910,8,32,0.0,0.021500000000000102
32,310048910,8,32,0.1,0.0283500000000003
32,310048910,8,32,0.3,0.03270000000000042
32,310048910,8,32,0.5,0.04735000000000084
32,310048910,8,64,0.0,0.021500000000000102
32,310048910,8,64,0.1,0.03605000000000052
32,310048910,8,64,0.3,0.04630000000000081
32,310048910,8,64,0.5,0.04975000000000091
33,320048911,2,32,0.0,0.021500000000000102
33,320048911,2,32,0.1,0.04330000000000073
33,320048911,2,32,0.3,0.10304999999999681
33,320048911,2,32,0.5,0.07739999999999964
33,320048911,2,64,0.0,0.03225000000000041
33,320048911,2,64,0.1,0.054450000000001046
33,320048911,2,64,0.3,0.10304999999999681
33,320048911,2,64,0.5,0.07884999999999948
33,320048911,4,64,0.0,0.021500000000000102
33,320048911,4,64,0.1,0.04315000000000072
33,320048911,4,64,0.3,0.055850000000001086
33,320048911,4,64,0.5,0.05695000000000112
33,320048911,8,4,0.0,0.021500000000000102
33,320048911,8,4,0.1,0.027800000000000283
33,320048911,8,4,0.3,0.032050000000000405
33,320048911,8,4,0.5,0.04700000000000083
34,330048912,1,4,0.0,0.021500000000000102
34,330048912,1,4,0.1,0.027500000000000274
34,330048912,1,4,0.3,0.065050000000001
34,330048912,1,4,0.5,0.09559999999999763
34,330048912,1,8,0.0,0.021500000000000102
34,330048912,1,8,0.1,0.04050000000000065
34,330048912,1,8,0.3,0.08819999999999845
34,330048912,1,8,0.5,0.09559999999999763
34,330048912,4,4,0.0,0.021500000000000102
34,330048912,4,4,0.1,0.028150000000000293
34,330048912,4,4,0.3,0.030700000000000366
34,330048912,4,4,0.5,0.04105000000000066
34,330048912,4,8,0.0,0.021500000000000102
34,330048912,4,8,0.1,0.028150000000000293
34,330048912,4,8,0.3,0.03440000000000047
34,330048912,4,8,0.5,0.04065000000000065
34,330048912,2,8,0.0,0.021500000000000102
34,330048912,2,8,0.1,0.044650000000000765
34,330048912,2,8,0.3,0.0598500000000012
34,330048912,2,8,0.5,0.056550000000001106
34,330048912,2,16,0.0,0.021500000000000102
34,330048912,2,16,0.1,0.044650000000000765
34,330048912,2,16,0.3,0.0598500000000012
34,330048912,2,16,0.5,0.06980000000000047
34,330048912,1,16,0.0,0.021500000000000102
34,330048912,1,16,0.1,0.0641000000000011
34,330048912,1,16,0.3,0.11734999999999524
34,330048912,1,16,0.5,0.11014999999999603
34,330048912,1,32,0.0,0.021500000000000102
34,330048912,1,32,0.1,0.0641000000000011
34,330048912,1,32,0.3,0.11734999999999524
34,330048912,1,32,0.5,0.11869999999999509
34,330048912,1,64,0.0,0.04295000000000072
34,330048912,1,64,0.1,0.09024999999999822
34,330048912,1,64,0.3,0.14469999999999222
34,330048912,1,64,0.5,0.15619999999999096
34,330048912,2,4,0.0,0.021500000000000102
34,330048912,2,4,0.1,0.044650000000000765
34,330048912,2,4,0.3,0.050200000000000924
34,330048912,2,4,0.5,0.051600000000000965
34,330048912,8,8,0.0,0.021500000000000102
34,330048912,8,8,0.1,0.02700000000000026
34,330048912,8,8,0.3,0.027600000000000277
34,330048912,8,8,0.5,0.032450000000000416
34,330048912,8,16,0.0,0.021500000000000102
34,330048912,8,16,0.1,0.031400000000000386
34,330048912,8,16,0.3,0.040450000000000645
34,330048912,8,16,0.5,0.03605000000000052
34,330048912,4,16,0.0,0.021500000000000102
34,330048912,4,16,0.1,0.031400000000000386
34,330048912,4,16,0.3,0.03780000000000057
34,330048912,4,16,0.5,0.041800000000000684
34,330048912,4,32,0.0,0.021500000000000102
34,330048912,4,32,0.1,0.03510000000000049
34,330048912,4,32,0.3,0.049200000000000896
34,330048912,4,32,0.5,0.04660000000000082
34,330048912,2,32,0.0,0.021500000000000102
34,330048912,2,32,0.1,0.05840000000000116
34,330048912,2,32,0.3,0.0758499999999998
34,330048912,2,32,0.5,0.06980000000000047
34,330048912,2,64,0.0,0.03225000000000041
34,330048912,2,64,0.1,0.05880000000000117
34,330048912,2,64,0.3,0.08644999999999864
34,330048912,2,64,0.5,0.07310000000000011
33,320048911,8,32,0.0,0.021500000000000102
33,320048911,8,32,0.1,0.03640000000000053
33,320048911,8,32,0.3,0.03990000000000063
33,320048911,8,32,0.5,0.03810000000000058
33,320048911,8,64,0.0,0.021500000000000102
33,320048911,8,64,0.1,0.039400000000000615
33,320048911,8,64,0.3,0.04730000000000084
33,320048911,8,64,0.5,0.04700000000000083
34,330048912,4,64,0.0,0.026850000000000256
34,330048912,4,64,0.1,0.05075000000000094
34,330048912,4,64,0.3,0.06710000000000077
34,330048912,4,64,0.5,0.04790000000000086
34,330048912,8,4,0.0,0.021500000000000102
34,330048912,8,4,0.1,0.02460000000000019
34,330048912,8,4,0.3,0.026200000000000237
34,330048912,8,4,0.5,0.028650000000000307
35,340048913,1,4,0.0,0.021500000000000102
35,340048913,1,4,0.1,0.021500000000000102
35,340048913,1,4,0.3,0.08219999999999911
35,340048913,1,4,0.5,0.10719999999999635
35,340048913,1,8,0.0,0.021500000000000102
35,340048913,1,8,0.1,0.04965000000000091
35,340048913,1,8,0.3,0.08464999999999884
35,340048913,1,8,0.5,0.09724999999999745
35,340048913,4,4,0.0,0.021500000000000102
35,340048913,4,4,0.1,0.024800000000000197
35,340048913,4,4,0.3,0.0459000000000008
35,340048913,4,4,0.5,0.03920000000000061
35,340048913,4,8,0.0,0.021500000000000102
35,340048913,4,8,0.1,0.025350000000000213
35,340048913,4,8,0.3,0.0459000000000008
35,340048913,4,8,0.5,0.03920000000000061
35,340048913,2,8,0.0,0.021500000000000102
35,340048913,2,8,0.1,0.032800000000000426
35,340048913,2,8,0.3,0.08219999999999911
35,340048913,2,8,0.5,0.05705000000000112
35,340048913,2,16,0.0,0.021500000000000102
35,340048913,2,16,0.1,0.038050000000000576
35,340048913,2,16,0.3,0.08219999999999911
35,340048913,2,16,0.5,0.05705000000000112
35,340048913,1,16,0.0,0.04295000000000072
35,340048913,1,16,0.1,0.04965000000000091
35,340048913,1,16,0.3,0.10484999999999661
35,340048913,1,16,0.5,0.09724999999999745
35,340048913,1,32,0.0,0.04295000000000072
35,340048913,1,32,0.1,0.05105000000000095
35,340048913,1,32,0.3,0.10484999999999661
35,340048913,1,32,0.5,0.1139999999999956
35,340048913,1,64,0.0,0.04295000000000072
35,340048913,1,64,0.1,0.0795999999999994
35,340048913,1,64,0.3,0.10849999999999621
35,340048913,1,64,0.5,0.1357499999999932
35,340048913,2,4,0.0,0.021500000000000102
35,340048913,2,4,0.1,0.023800000000000168
35,340048913,2,4,0.3,0.08219999999999911
35,340048913,2,4,0.5,0.05705000000000112
35,340048913,4,16,0.0,0.021500000000000102
35,340048913,4,16,0.1,0.039400000000000615
35,340048913,4,16,0.3,0.0459000000000008
35,340048913,4,16,0.5,0.03920000000000061
35,340048913,4,32,0.0,0.021500000000000102
35,340048913,4,32,0.1,0.039400000000000615
35,340048913,4,32,0.3,0.06845000000000062
35,340048913,4,32,0.5,0.06370000000000114
35,340048913,8,8,0.0,0.021500000000000102
35,340048913,8,8,0.1,0.026800000000000254
35,340048913,8,8,0.3,0.028550000000000304
35,340048913,8,8,0.5,0.0284500000000003
35,340048913,8,16,0.0,0.021500000000000102
35,340048913,8,16,0.1,0.032400000000000415
35,340048913,8,16,0.3,0.033850000000000456
35,340048913,8,16,0.5,0.031700000000000395
35,340048913,2,32,0.0,0.021500000000000102
35,340048913,2,32,0.1,0.04000000000000063
35,340048913,2,32,0.3,0.08219999999999911
35,340048913,2,32,0.5,0.07569999999999982
35,340048913,2,64,0.0,0.03225000000000041
35,340048913,2,64,0.1,0.049900000000000916
35,340048913,2,64,0.3,0.08219999999999911
35,340048913,2,64,0.5,0.09254999999999797
34,330048912,8,32,0.0,0.021500000000000102
34,330048912,8,32,0.1,0.02870000000000031
34,330048912,8,32,0.3,0.040450000000000645
34,330048912,8,32,0.5,0.03270000000000042
34,330048912,8,64,0.0,0.021500000000000102
34,330048912,8,64,0.1,0.042900000000000715
34,330048912,8,64,0.3,0.04875000000000088
34,330048912,8,64,0.5,0.042550000000000705
36,350048914,1,4,0.0,0.021500000000000102
36,350048914,1,4,0.1,0.03745000000000056
36,350048914,1,4,0.3,0.05435000000000104
36,350048914,1,4,0.5,0.05190000000000097
36,350048914,1,8,0.0,0.021500000000000102
36,350048914,1,8,0.1,0.0632000000000012
36,350048914,1,8,0.3,0.065000000000001
36,350048914,1,8,0.5,0.07030000000000042
35,340048913,4,64,0.0,0.026850000000000256
35,340048913,4,64,0.1,0.039400000000000615
35,340048913,4,64,0.3,0.07165000000000027
35,340048913,4,64,0.5,0.06510000000000099
35,340048913,8,4,0.0,0.021500000000000102
35,340048913,8,4,0.1,0.022750000000000138
35,340048913,8,4,0.3,0.028550000000000304
35,340048913,8,4,0.5,0.025500000000000217
36,350048914,2,8,0.0,0.021500000000000102
36,350048914,2,8,0.1,0.03445000000000047
36,350048914,2,8,0.3,0.043950000000000745
36,350048914,2,8,0.5,0.06385000000000113
36,350048914,2,16,0.0,0.021500000000000102
36,350048914,2,16,0.1,0.03745000000000056
36,350048914,2,16,0.3,0.0459000000000008
36,350048914,2,16,0.5,0.06385000000000113
36,350048914,4,4,0.0,0.021500000000000102
36,350048914,4,4,0.1,0.023450000000000158
36,350048914,4,4,0.3,0.030650000000000364
36,350048914,4,4,0.5,0.03300000000000043
36,350048914,4,8,0.0,0.021500000000000102
36,350048914,4,8,0.1,0.02420000000000018
36,350048914,4,8,0.3,0.040050000000000634
36,350048914,4,8,0.5,0.048500000000000876
36,350048914,1,16,0.0,0.021500000000000102
36,350048914,1,16,0.1,0.06165000000000125
36,350048914,1,16,0.3,0.08959999999999829
36,350048914,1,16,0.5,0.10024999999999712
36,350048914,1,32,0.0,0.04295000000000072
36,350048914,1,32,0.1,0.06635000000000085
36,350048914,1,32,0.3,0.0958499999999976
36,350048914,1,32,0.5,0.12839999999999402
36,350048914,1,64,0.0,0.04295000000000072
36,350048914,1,64,0.1,0.07559999999999983
36,350048914,1,64,0.3,0.11124999999999591
36,350048914,1,64,0.5,0.14564999999999212
36,350048914,2,4,0.0,0.021500000000000102
36,350048914,2,4,0.1,0.026800000000000254
36,350048914,2,4,0.3,0.03090000000000037
36,350048914,2,4,0.5,0.06385000000000113
36,350048914,4,16,0.0,0.021500000000000102
36,350048914,4,16,0.1,0.024800000000000197
36,350048914,4,16,0.3,0.037000000000000546
36,350048914,4,16,0.5,0.048500000000000876
36,350048914,4,32,0.0,0.021500000000000102
36,350048914,4,32,0.1,0.041850000000000685
36,350048914,4,32,0.3,0.0599000000000012
36,350048914,4,32,0.5,0.07754999999999962
36,350048914,8,8,0.0,0.021500000000000102
36,350048914,8,8,0.1,0.023450000000000158
36,350048914,8,8,0.3,0.03160000000000039
36,350048914,8,8,0.5,0.0320000000000004
36,350048914,8,16,0.0,0.021500000000000102
36,350048914,8,16,0.1,0.02450000000000019
36,350048914,8,16,0.3,0.031700000000000395
36,350048914,8,16,0.5,0.035250000000000496
36,350048914,2,32,0.0,0.03225000000000041
36,350048914,2,32,0.1,0.041850000000000685
36,350048914,2,32,0.3,0.06560000000000094
36,350048914,2,32,0.5,0.07699999999999968
36,350048914,2,64,0.0,0.03225000000000041
36,350048914,2,64,0.1,0.07559999999999983
36,350048914,2,64,0.3,0.0968499999999975
36,350048914,2,64,0.5,0.07699999999999968
35,340048913,8,32,0.0,0.021500000000000102
35,340048913,8,32,0.1,0.032400000000000415
35,340048913,8,32,0.3,0.04905000000000089
35,340048913,8,32,0.5,0.04300000000000072
35,340048913,8,64,0.0,0.021500000000000102
35,340048913,8,64,0.1,0.032400000000000415
35,340048913,8,64,0.3,0.050200000000000924
35,340048913,8,64,0.5,0.05330000000000101
36,350048914,4,64,0.0,0.03225000000000041
36,350048914,4,64,0.1,0.04305000000000072
36,350048914,4,64,0.3,0.0599000000000012
36,350048914,4,64,0.5,0.07754999999999962
36,350048914,8,4,0.0,0.021500000000000102
36,350048914,8,4,0.1,0.023450000000000158
36,350048914,8,4,0.3,0.02735000000000027
36,350048914,8,4,0.5,0.02800000000000029
37,360048915,1,4,0.0,0.021500000000000102
37,360048915,1,4,0.1,0.049500000000000904
37,360048915,1,4,0.3,0.051600000000000965
37,360048915,1,4,0.5,0.09664999999999752
37,360048915,1,8,0.0,0.021500000000000102
37,360048915,1,8,0.1,0.021500000000000102
37,360048915,1,8,0.3,0.0777499999999996
37,360048915,1,8,0.5,0.10739999999999633
37,360048915,4,4,0.0,0.021500000000000102
37,360048915,4,4,0.1,0.02455000000000019
37,360048915,4,4,0.3,0.026050000000000233
37,360048915,4,4,0.5,0.04195000000000069
37,360048915,4,8,0.0,0.021500000000000102
37,360048915,4,8,0.1,0.0249000000000002
37,360048915,4,8,0.3,0.0422500000000007
37,360048915,4,8,0.5,0.03825000000000058
37,360048915,2,8,0.0,0.021500000000000102
37,360048915,2,8,0.1,0.026400000000000243
37,360048915,2,8,0.3,0.06025000000000121
37,360048915,2,8,0.5,0.053400000000001016
37,360048915,2,16,0.0,0.021500000000000102
37,360048915,2,16,0.1,0.026400000000000243
37,360048915,2,16,0.3,0.07375000000000004
37,360048915,2,16,0.5,0.06540000000000096
37,360048915,1,16,0.0,0.021500000000000102
37,360048915,1,16,0.1,0.021500000000000102
37,360048915,1,16,0.3,0.09149999999999808
37,360048915,1,16,0.5,0.10884999999999617
37,360048915,1,32,0.0,0.04295000000000072
37,360048915,1,32,0.1,0.049850000000000914
37,360048915,1,32,0.3,0.09504999999999769
37,360048915,1,32,0.5,0.1704499999999894
37,360048915,1,64,0.0,0.04295000000000072
37,360048915,1,64,0.1,0.09324999999999789
37,360048915,1,64,0.3,0.09714999999999746
37,360048915,1,64,0.5,0.1704499999999894
37,360048915,2,4,0.0,0.021500000000000102
37,360048915,2,4,0.1,0.03605000000000052
37,360048915,2,4,0.3,0.03505000000000049
37,360048915,2,4,0.5,0.052800000000001
37,360048915,4,16,0.0,0.021500000000000102
37,360048915,4,16,0.1,0.0318000000000004
37,360048915,4,16,0.3,0.059950000000001204
37,360048915,4,16,0.5,0.05395000000000103
37,360048915,4,32,0.0,0.021500000000000102
37,360048915,4,32,0.1,0.035200000000000495
37,360048915,4,32,0.3,0.059950000000001204
37,360048915,4,32,0.5,0.08234999999999909
37,360048915,8,8,0.0,0.021500000000000102
37,360048915,8,8,0.1,0.02460000000000019
37,360048915,8,8,0.3,0.03085000000000037
37,360048915,8,8,0.5,0.025850000000000227
37,360048915,8,16,0.0,0.021500000000000102
37,360048915,8,16,0.1,0.03515000000000049
37,360048915,8,16,0.3,0.03655000000000053
37,360048915,8,16,0.5,0.037350000000000556
36,350048914,8,32,0.0,0.021500000000000102
36,350048914,8,32,0.1,0.037250000000000554
36,350048914,8,32,0.3,0.04125000000000067
36,350048914,8,32,0.5,0.04335000000000073
36,350048914,8,64,0.0,0.02420000000000018
36,350048914,8,64,0.1,0.037250000000000554
36,350048914,8,64,0.3,0.04140000000000067
36,350048914,8,64,0.5,0.05150000000000096
37,360048915,2,32,0.0,0.03225000000000041
37,360048915,2,32,0.1,0.03750000000000056
37,360048915,2,32,0.3,0.07375000000000004
37,360048915,2,32,0.5,0.11199999999999583
37,360048915,2,64,0.0,0.03225000000000041
37,360048915,2,64,0.1,0.05575000000000108
37,360048915,2,64,0.3,0.07375000000000004
37,360048915,2,64,0.5,0.11199999999999583
37,360048915,4,64,0.0,0.021500000000000102
37,360048915,4,64,0.1,0.042550000000000705
37,360048915,4,64,0.3,0.059950000000001204
37,360048915,4,64,0.5,0.08234999999999909
37,360048915,8,4,0.0,0.021500000000000102
37,360048915,8,4,0.1,0.02460000000000019
37,360048915,8,4,0.3,0.0248500000000002
37,360048915,8,4,0.5,0.039100000000000606
38,370048916,1,4,0.0,0.021500000000000102
38,370048916,1,4,0.1,0.05075000000000094
38,370048916,1,4,0.3,0.08299999999999902
38,370048916,1,4,0.5,0.10524999999999657
38,370048916,1,8,0.0,0.021500000000000102
38,370048916,1,8,0.1,0.05075000000000094
38,370048916,1,8,0.3,0.08299999999999902
38,370048916,1,8,0.5,0.10524999999999657
38,370048916,4,4,0.0,0.021500000000000102
38,370048916,4,4,0.1,0.027800000000000283
38,370048916,4,4,0.3,0.033100000000000435
38,370048916,4,4,0.5,0.03605000000000052
38,370048916,4,8,0.0,0.021500000000000102
38,370048916,4,8,0.1,0.0249000000000002
38,370048916,4,8,0.3,0.033100000000000435
38,370048916,4,8,0.5,0.03605000000000052
38,370048916,2,8,0.0,0.021500000000000102
38,370048916,2,8,0.1,0.03475000000000048
38,370048916,2,8,0.3,0.05570000000000108
38,370048916,2,8,0.5,0.05660000000000111
38,370048916,2,16,0.0,0.04295000000000072
38,370048916,2,16,0.1,0.04470000000000077
38,370048916,2,16,0.3,0.11174999999999585
38,370048916,2,16,0.5,0.056800000000001113
38,370048916,1,16,0.0,0.04295000000000072
38,370048916,1,16,0.1,0.0598500000000012
38,370048916,1,16,0.3,0.11119999999999591
38,370048916,1,16,0.5,0.10524999999999657
38,370048916,1,32,0.0,0.04295000000000072
38,370048916,1,32,0.1,0.06360000000000116
38,370048916,1,32,0.3,0.11119999999999591
38,370048916,1,32,0.5,0.10894999999999616
38,370048916,1,64,0.0,0.04295000000000072
38,370048916,1,64,0.1,0.06360000000000116
38,370048916,1,64,0.3,0.12059999999999488
38,370048916,1,64,0.5,0.1421499999999925
38,370048916,2,4,0.0,0.021500000000000102
38,370048916,2,4,0.1,0.03475000000000048
38,370048916,2,4,0.3,0.05570000000000108
38,370048916,2,4,0.5,0.05660000000000111
37,360048915,8,32,0.0,0.021500000000000102
37,360048915,8,32,0.1,0.03515000000000049
37,360048915,8,32,0.3,0.03655000000000053
37,360048915,8,32,0.5,0.04120000000000067
37,360048915,8,64,0.0,0.021500000000000102
37,360048915,8,64,0.1,0.03515000000000049
37,360048915,8,64,0.3,0.037250000000000554
37,360048915,8,64,0.5,0.04335000000000073
38,370048916,8,8,0.0,0.021500000000000102
38,370048916,8,8,0.1,0.029250000000000324
38,370048916,8,8,0.3,0.027550000000000276
38,370048916,8,8,0.5,0.030250000000000353
38,370048916,8,16,0.0,0.021500000000000102
38,370048916,8,16,0.1,0.029250000000000324
38,370048916,8,16,0.3,0.035950000000000516
38,370048916,8,16,0.5,0.030250000000000353
38,370048916,4,16,0.0,0.03225000000000041
38,370048916,4,16,0.1,0.03225000000000041
38,370048916,4,16,0.3,0.07035000000000041
38,370048916,4,16,0.5,0.03820000000000058
38,370048916,4,32,0.0,0.026850000000000256
38,370048916,4,32,0.1,0.02945000000000033
38,370048916,4,32,0.3,0.060300000000001214
38,370048916,4,32,0.5,0.05505000000000106
38,370048916,2,32,0.0,0.04295000000000072
38,370048916,2,32,0.1,0.04470000000000077
38,370048916,2,32,0.3,0.11174999999999585
38,370048916,2,32,0.5,0.056800000000001113
38,370048916,2,64,0.0,0.04295000000000072
38,370048916,2,64,0.1,0.04470000000000077
38,370048916,2,64,0.3,0.11174999999999585
38,370048916,2,64,0.5,0.09304999999999791
38,370048916,4,64,0.0,0.026850000000000256
38,370048916,4,64,0.1,0.03395000000000046
38,370048916,4,64,0.3,0.060300000000001214
38,370048916,4,64,0.5,0.05245000000000099
38,370048916,8,4,0.0,0.021500000000000102
38,370048916,8,4,0.1,0.029250000000000324
38,370048916,8,4,0.3,0.027550000000000276
38,370048916,8,4,0.5,0.025450000000000216
39,380048917,4,4,0.0,0.021500000000000102
39,380048917,4,4,0.1,0.028250000000000296
39,380048917,4,4,0.3,0.031350000000000385
39,380048917,4,4,0.5,0.0319500000000004
39,380048917,4,8,0.0,0.021500000000000102
39,380048917,4,8,0.1,0.028250000000000296
39,380048917,4,8,0.3,0.03820000000000058
39,380048917,4,8,0.5,0.036950000000000545
39,380048917,1,4,0.0,0.021500000000000102
39,380048917,1,4,0.1,0.021500000000000102
39,380048917,1,4,0.3,0.07564999999999983
39,380048917,1,4,0.5,0.06905000000000056
39,380048917,1,8,0.0,0.021500000000000102
39,380048917,1,8,0.1,0.04525000000000078
39,380048917,1,8,0.3,0.09564999999999763
39,380048917,1,8,0.5,0.11749999999999522
39,380048917,2,8,0.0,0.021500000000000102
39,380048917,2,8,0.1,0.03365000000000045
39,380048917,2,8,0.3,0.0493500000000009
39,380048917,2,8,0.5,0.059350000000001187
39,380048917,2,16,0.0,0.021500000000000102
39,380048917,2,16,0.1,0.03365000000000045
39,380048917,2,16,0.3,0.0493500000000009
39,380048917,2,16,0.5,0.06270000000000125
39,380048917,1,16,0.0,0.021500000000000102
39,380048917,1,16,0.1,0.061000000000001234
39,380048917,1,16,0.3,0.09564999999999763
39,380048917,1,16,0.5,0.11749999999999522
39,380048917,1,32,0.0,0.021500000000000102
39,380048917,1,32,0.1,0.08934999999999832
39,380048917,1,32,0.3,0.09564999999999763
39,380048917,1,32,0.5,0.11749999999999522
39,380048917,1,64,0.0,0.04295000000000072
39,380048917,1,64,0.1,0.08934999999999832
39,380048917,1,64,0.3,0.12704999999999417
39,380048917,1,64,0.5,0.13624999999999315
39,380048917,2,4,0.0,0.021500000000000102
39,380048917,2,4,0.1,0.03365000000000045
39,380048917,2,4,0.3,0.047800000000000856
39,380048917,2,4,0.5,0.04520000000000078
39,380048917,8,8,0.0,0.021500000000000102
39,380048917,8,8,0.1,0.022700000000000137
39,380048917,8,8,0.3,0.03360000000000045
39,380048917,8,8,0.5,0.029600000000000334
39,380048917,8,16,0.0,0.021500000000000102
39,380048917,8,16,0.1,0.02765000000000028
39,380048917,8,16,0.3,0.03360000000000045
39,380048917,8,16,0.5,0.03130000000000038
39,380048917,4,16,0.0,0.021500000000000102
39,380048917,4,16,0.1,0.03235000000000041
39,380048917,4,16,0.3,0.03820000000000058
39,380048917,4,16,0.5,0.04400000000000075
39,380048917,4,32,0.0,0.021500000000000102
39,380048917,4,32,0.1,0.03235000000000041
39,380048917,4,32,0.3,0.05255000000000099
39,380048917,4,32,0.5,0.0659500000000009
39,380048917,2,32,0.0,0.021500000000000102
39,380048917,2,32,0.1,0.04480000000000077
39,380048917,2,32,0.3,0.05320000000000101
39,380048917,2,32,0.5,0.07824999999999954
39,380048917,2,64,0.0,0.03225000000000041
39,380048917,2,64,0.1,0.058200000000001154
39,380048917,2,64,0.3,0.06550000000000095
39,380048917,2,64,0.5,0.07989999999999936
38,370048916,8,32,0.0,0.021500000000000102
38,370048916,8,32,0.1,0.02945000000000033
38,370048916,8,32,0.3,0.0389500000000006
38,370048916,8,32,0.5,0.0492500000000009
38,370048916,8,64,0.0,0.021500000000000102
38,370048916,8,64,0.1,0.02945000000000033
38,370048916,8,64,0.3,0.03985000000000063
38,370048916,8,64,0.5,0.0492500000000009
39,380048917,4,64,0.0,0.021500000000000102
39,380048917,4,64,0.1,0.040100000000000635
39,380048917,4,64,0.3,0.05470000000000105
39,380048917,4,64,0.5,0.0659500000000009
39,380048917,8,4,0.0,0.021500000000000102
39,380048917,8,4,0.1,0.022700000000000137
39,380048917,8,4,0.3,0.02630000000000024
39,380048917,8,4,0.5,0.0283500000000003
40,390048918,1,4,0.0,0.021500000000000102
40,390048918,1,4,0.1,0.021500000000000102
40,390048918,1,4,0.3,0.06110000000000124
40,390048918,1,4,0.5,0.10634999999999645
40,390048918,1,8,0.0,0.021500000000000102
40,390048918,1,8,0.1,0.021500000000000102
40,390048918,1,8,0.3,0.07939999999999942
40,390048918,1,8,0.5,0.10634999999999645
40,390048918,4,4,0.0,0.021500000000000102
40,390048918,4,4,0.1,0.023250000000000152
40,390048918,4,4,0.3,0.03950000000000062
40,390048918,4,4,0.5,0.04000000000000063
40,390048918,4,8,0.0,0.021500000000000102
40,390048918,4,8,0.1,0.030650000000000364
40,390048918,4,8,0.3,0.04050000000000065
40,390048918,4,8,0.5,0.04035000000000064
40,390048918,2,8,0.0,0.03225000000000041
40,390048918,2,8,0.1,0.03225000000000041
40,390048918,2,8,0.3,0.09069999999999817
40,390048918,2,8,0.5,0.06900000000000056
40,390048918,2,16,0.0,0.03225000000000041
40,390048918,2,16,0.1,0.04345000000000073
40,390048918,2,16,0.3,0.09069999999999817
40,390048918,2,16,0.5,0.06900000000000056
40,390048918,1,16,0.0,0.021500000000000102
40,390048918,1,16,0.1,0.04345000000000073
40,390048918,1,16,0.3,0.09659999999999752
40,390048918,1,16,0.5,0.11434999999999557
40,390048918,1,32,0.0,0.04295000000000072
40,390048918,1,32,0.1,0.05660000000000111
40,390048918,1,32,0.3,0.12209999999999471
40,390048918,1,32,0.5,0.13884999999999287
40,390048918,1,64,0.0,0.04295000000000072
40,390048918,1,64,0.1,0.06150000000000125
40,390048918,1,64,0.3,0.12319999999999459
40,390048918,1,64,0.5,0.1539999999999912
40,390048918,2,4,0.0,0.021500000000000102
40,390048918,2,4,0.1,0.031350000000000385
40,390048918,2,4,0.3,0.0459500000000008
40,390048918,2,4,0.5,0.054450000000001046
40,390048918,4,16,0.0,0.021500000000000102
40,390048918,4,16,0.1,0.03300000000000043
40,390048918,4,16,0.3,0.04050000000000065
40,390048918,4,16,0.5,0.04470000000000077
40,390048918,4,32,0.0,0.021500000000000102
40,390048918,4,32,0.1,0.03300000000000043
40,390048918,4,32,0.3,0.04050000000000065
40,390048918,4,32,0.5,0.04470000000000077
40,390048918,2,32,0.0,0.03225000000000041
40,390048918,2,32,0.1,0.04345000000000073
40,390048918,2,32,0.3,0.09069999999999817
40,390048918,2,32,0.5,0.06900000000000056
40,390048918,2,64,0.0,0.03225000000000041
40,390048918,2,64,0.1,0.04345000000000073
40,390048918,2,64,0.3,0.09069999999999817
40,390048918,2,64,0.5,0.07215000000000021
40,390048918,8,8,0.0,0.021500000000000102
40,390048918,8,8,0.1,0.024450000000000187
40,390048918,8,8,0.3,0.02985000000000034
40,390048918,8,8,0.5,0.03985000000000063
40,390048918,8,16,0.0,0.021500000000000102
40,390048918,8,16,0.1,0.02520000000000021
40,390048918,8,16,0.3,0.029950000000000344
40,390048918,8,16,0.5,0.03985000000000063
39,380048917,8,32,0.0,0.021500000000000102
39,380048917,8,32,0.1,0.03010000000000035
39,380048917,8,32,0.3,0.04685000000000083
39,380048917,8,32,0.5,0.04515000000000078
39,380048917,8,64,0.0,0.021500000000000102
39,380048917,8,64,0.1,0.03620000000000052
39,380048917,8,64,0.3,0.047050000000000834
39,380048917,8,64,0.5,0.04685000000000083
40,390048918,4,64,0.0,0.026850000000000256
40,390048918,4,64,0.1,0.03300000000000043
40,390048918,4,64,0.3,0.07095000000000035
40,390048918,4,64,0.5,0.06885000000000058
40,390048918,8,4,0.0,0.021500000000000102
40,390048918,8,4,0.1,0.021850000000000112
40,390048918,8,4,0.3,0.0249000000000002
40,390048918,8,4,0.5,0.03680000000000054
41,400048919,4,4,0.0,0.021500000000000102
41,400048919,4,4,0.1,0.025400000000000214
41,400048919,4,4,0.3,0.02870000000000031
41,400048919,4,4,0.5,0.03500000000000049
41,400048919,4,8,0.0,0.021500000000000102
41,400048919,4,8,0.1,0.027800000000000283
41,400048919,4,8,0.3,0.04000000000000063
41,400048919,4,8,0.5,0.07180000000000025
41,400048919,2,8,0.0,0.021500000000000102
41,400048919,2,8,0.1,0.039450000000000617
41,400048919,2,8,0.3,0.05190000000000097
41,400048919,2,8,0.5,0.07300000000000012
41,400048919,2,16,0.0,0.021500000000000102
41,400048919,2,16,0.1,0.04000000000000063
41,400048919,2,16,0.3,0.06005000000000121
41,400048919,2,16,0.5,0.07300000000000012
41,400048919,1,4,0.0,0.021500000000000102
41,400048919,1,4,0.1,0.021500000000000102
41,400048919,1,4,0.3,0.0812999999999992
41,400048919,1,4,0.5,0.10574999999999651
41,400048919,1,8,0.0,0.021500000000000102
41,400048919,1,8,0.1,0.05430000000000104
41,400048919,1,8,0.3,0.09549999999999764
41,400048919,1,8,0.5,0.11529999999999546
41,400048919,1,64,0.0,0.04295000000000072
41,400048919,1,64,0.1,0.1249499999999944
41,400048919,1,64,0.3,0.13349999999999346
41,400048919,1,64,0.5,0.15784999999999078
41,400048919,2,4,0.0,0.021500000000000102
41,400048919,2,4,0.1,0.0354000000000005
41,400048919,2,4,0.3,0.046700000000000824
41,400048919,2,4,0.5,0.05435000000000104
41,400048919,1,16,0.0,0.021500000000000102
41,400048919,1,16,0.1,0.05430000000000104
41,400048919,1,16,0.3,0.09644999999999754
41,400048919,1,16,0.5,0.11529999999999546
41,400048919,1,32,0.0,0.04295000000000072
41,400048919,1,32,0.1,0.0976499999999974
41,400048919,1,32,0.3,0.13349999999999346
41,400048919,1,32,0.5,0.14199999999999252
41,400048919,4,16,0.0,0.021500000000000102
41,400048919,4,16,0.1,0.029200000000000323
41,400048919,4,16,0.3,0.04000000000000063
41,400048919,4,16,0.5,0.046750000000000826
41,400048919,4,32,0.0,0.026850000000000256
41,400048919,4,32,0.1,0.06045000000000122
41,400048919,4,32,0.3,0.08059999999999928
41,400048919,4,32,0.5,0.0732000000000001
41,400048919,8,8,0.0,0.021500000000000102
41,400048919,8,8,0.1,0.02525000000000021
41,400048919,8,8,0.3,0.03425000000000047
41,400048919,8,8,0.5,0.03670000000000054
41,400048919,8,16,0.0,0.021500000000000102
41,400048919,8,16,0.1,0.029200000000000323
41,400048919,8,16,0.3,0.03430000000000047
41,400048919,8,16,0.5,0.033150000000000436
40,390048918,8,32,0.0,0.021500000000000102
40,390048918,8,32,0.1,0.02800000000000029
40,390048918,8,32,0.3,0.03155000000000039
40,390048918,8,32,0.5,0.04065000000000065
40,390048918,8,64,0.0,0.021500000000000102
40,390048918,8,64,0.1,0.032100000000000406
40,390048918,8,64,0.3,0.05390000000000103
40,390048918,8,64,0.5,0.05040000000000093
41,400048919,4,64,0.0,0.026850000000000256
41,400048919,4,64,0.1,0.06045000000000122
41,400048919,4,64,0.3,0.08059999999999928
41,400048919,4,64,0.5,0.07340000000000008
41,400048919,8,4,0.0,0.021500000000000102
41,400048919,8,4,0.1,0.02390000000000017
41,400048919,8,4,0.3,0.028550000000000304
41,400048919,8,4,0.5,0.02870000000000031
42,410048920,1,4,0.0,0.021500000000000102
42,410048920,1,4,0.1,0.04995000000000092
42,410048920,1,4,0.3,0.049200000000000896
42,410048920,1,4,0.5,0.07804999999999956
42,410048920,1,8,0.0,0.021500000000000102
42,410048920,1,8,0.1,0.04995000000000092
42,410048920,1,8,0.3,0.08844999999999842
42,410048920,1,8,0.5,0.0767999999999997
41,400048919,2,32,0.0,0.04295000000000072
41,400048919,2,32,0.1,0.10094999999999704
41,400048919,2,32,0.3,0.11689999999999529
41,400048919,2,32,0.5,0.13874999999999288
41,400048919,2,64,0.0,0.04295000000000072
41,400048919,2,64,0.1,0.10094999999999704
41,400048919,2,64,0.3,0.11689999999999529
41,400048919,2,64,0.5,0.13874999999999288
42,410048920,2,8,0.0,0.021500000000000102
42,410048920,2,8,0.1,0.042900000000000715
42,410048920,2,8,0.3,0.0458500000000008
42,410048920,2,8,0.5,0.049550000000000906
42,410048920,2,16,0.0,0.021500000000000102
42,410048920,2,16,0.1,0.042900000000000715
42,410048920,2,16,0.3,0.04375000000000074
42,410048920,2,16,0.5,0.0631500000000012
42,410048920,4,4,0.0,0.021500000000000102
42,410048920,4,4,0.1,0.02880000000000031
42,410048920,4,4,0.3,0.030700000000000366
42,410048920,4,4,0.5,0.030600000000000363
42,410048920,4,8,0.0,0.021500000000000102
42,410048920,4,8,0.1,0.02880000000000031
42,410048920,4,8,0.3,0.02730000000000027
42,410048920,4,8,0.5,0.041800000000000684
42,410048920,1,16,0.0,0.021500000000000102
42,410048920,1,16,0.1,0.05455000000000105
42,410048920,1,16,0.3,0.07749999999999962
42,410048920,1,16,0.5,0.10429999999999667
42,410048920,1,32,0.0,0.021500000000000102
42,410048920,1,32,0.1,0.0668500000000008
42,410048920,1,32,0.3,0.10654999999999643
42,410048920,1,32,0.5,0.10429999999999667
42,410048920,1,64,0.0,0.04295000000000072
42,410048920,1,64,0.1,0.0668500000000008
42,410048920,1,64,0.3,0.09429999999999777
42,410048920,1,64,0.5,0.12284999999999463
42,410048920,2,4,0.0,0.021500000000000102
42,410048920,2,4,0.1,0.02870000000000031
42,410048920,2,4,0.3,0.030950000000000373
42,410048920,2,4,0.5,0.049550000000000906
42,410048920,2,32,0.0,0.021500000000000102
42,410048920,2,32,0.1,0.044300000000000755
42,410048920,2,32,0.3,0.07345000000000007
42,410048920,2,32,0.5,0.0631500000000012
42,410048920,2,64,0.0,0.03225000000000041
42,410048920,2,64,0.1,0.06780000000000069
42,410048920,2,64,0.3,0.07345000000000007
42,410048920,2,64,0.5,0.0895499999999983
42,410048920,4,16,0.0,0.021500000000000102
42,410048920,4,16,0.1,0.03750000000000056
42,410048920,4,16,0.3,0.04130000000000067
42,410048920,4,16,0.5,0.05180000000000097
42,410048920,4,32,0.0,0.021500000000000102
42,410048920,4,32,0.1,0.039050000000000605
42,410048920,4,32,0.3,0.04700000000000083
42,410048920,4,32,0.5,0.05215000000000098
42,410048920,8,8,0.0,0.021500000000000102
42,410048920,8,8,0.1,0.028900000000000314
42,410048920,8,8,0.3,0.027500000000000274
42,410048920,8,8,0.5,0.0284000000000003
42,410048920,8,16,0.0,0.021500000000000102
42,410048920,8,16,0.1,0.03080000000000037
42,410048920,8,16,0.3,0.02975000000000034
42,410048920,8,16,0.5,0.04020000000000064
41,400048919,8,32,0.0,0.021500000000000102
41,400048919,8,32,0.1,0.05015000000000092
41,400048919,8,32,0.3,0.05120000000000095
41,400048919,8,32,0.5,0.05070000000000094
41,400048919,8,64,0.0,0.021500000000000102
41,400048919,8,64,0.1,0.05015000000000092
41,400048919,8,64,0.3,0.052800000000001
41,400048919,8,64,0.5,0.05390000000000103
42,410048920,4,64,0.0,0.021500000000000102
42,410048920,4,64,0.1,0.04300000000000072
42,410048920,4,64,0.3,0.05105000000000095
42,410048920,4,64,0.5,0.06820000000000065
42,410048920,8,4,0.0,0.021500000000000102
42,410048920,8,4,0.1,0.023300000000000154
42,410048920,8,4,0.3,0.027500000000000274
42,410048920,8,4,0.5,0.026550000000000247
43,420048921,1,4,0.0,0.021500000000000102
43,420048921,1,4,0.1,0.0686500000000006
43,420048921,1,4,0.3,0.0597500000000012
43,420048921,1,4,0.5,0.12704999999999417
43,420048921,1,8,0.0,0.021500000000000102
43,420048921,1,8,0.1,0.0686500000000006
43,420048921,1,8,0.3,0.052750000000001
43,420048921,1,8,0.5,0.09354999999999786
43,420048921,4,4,0.0,0.021500000000000102
43,420048921,4,4,0.1,0.027800000000000283
43,420048921,4,4,0.3,0.03755000000000056
43,420048921,4,4,0.5,0.03570000000000051
43,420048921,4,8,0.0,0.021500000000000102
43,420048921,4,8,0.1,0.027800000000000283
43,420048921,4,8,0.3,0.028950000000000316
43,420048921,4,8,0.5,0.03400000000000046
43,420048921,2,8,0.0,0.021500000000000102
43,420048921,2,8,0.1,0.040800000000000655
43,420048921,2,8,0.3,0.037350000000000556
43,420048921,2,8,0.5,0.0493500000000009
43,420048921,2,16,0.0,0.021500000000000102
43,420048921,2,16,0.1,0.040800000000000655
43,420048921,2,16,0.3,0.0597500000000012
43,420048921,2,16,0.5,0.060300000000001214
43,420048921,1,16,0.0,0.021500000000000102
43,420048921,1,16,0.1,0.07350000000000007
43,420048921,1,16,0.3,0.09364999999999785
43,420048921,1,16,0.5,0.09739999999999743
43,420048921,1,32,0.0,0.021500000000000102
43,420048921,1,32,0.1,0.09944999999999721
43,420048921,1,32,0.3,0.09364999999999785
43,420048921,1,32,0.5,0.11889999999999507
43,420048921,4,16,0.0,0.021500000000000102
43,420048921,4,16,0.1,0.03495000000000049
43,420048921,4,16,0.3,0.03915000000000061
43,420048921,4,16,0.5,0.04790000000000086
43,420048921,4,32,0.0,0.021500000000000102
43,420048921,4,32,0.1,0.039750000000000625
43,420048921,4,32,0.3,0.03915000000000061
43,420048921,4,32,0.5,0.059650000000001195
43,420048921,1,64,0.0,0.04295000000000072
43,420048921,1,64,0.1,0.09944999999999721
43,420048921,1,64,0.3,0.10844999999999622
43,420048921,1,64,0.5,0.11889999999999507
43,420048921,2,4,0.0,0.021500000000000102
43,420048921,2,4,0.1,0.040800000000000655
43,420048921,2,4,0.3,0.03925000000000061
43,420048921,2,4,0.5,0.06615000000000087
43,420048921,8,8,0.0,0.021500000000000102
43,420048921,8,8,0.1,0.030700000000000366
43,420048921,8,8,0.3,0.029350000000000327
43,420048921,8,8,0.5,0.02945000000000033
43,420048921,8,16,0.0,0.021500000000000102
43,420048921,8,16,0.1,0.030700000000000366
43,420048921,8,16,0.3,0.029350000000000327
43,420048921,8,16,0.5,0.03850000000000059
43,420048921,2,32,0.0,0.03225000000000041
43,420048921,2,32,0.1,0.053700000000001025
43,420048921,2,32,0.3,0.0597500000000012
43,420048921,2,32,0.5,0.07180000000000025
43,420048921,2,64,0.0,0.03225000000000041
43,420048921,2,64,0.1,0.053700000000001025
43,420048921,2,64,0.3,0.07649999999999973
43,420048921,2,64,0.5,0.09474999999999772
42,410048920,8,32,0.0,0.021500000000000102
42,410048920,8,32,0.1,0.031000000000000374
42,410048920,8,32,0.3,0.0319000000000004
42,410048920,8,32,0.5,0.040450000000000645
42,410048920,8,64,0.0,0.021500000000000102
42,410048920,8,64,0.1,0.04065000000000065
42,410048920,8,64,0.3,0.037600000000000564
42,410048920,8,64,0.5,0.04560000000000079
43,420048921,4,64,0.0,0.021500000000000102
43,420048921,4,64,0.1,0.04190000000000069
43,420048921,4,64,0.3,0.04305000000000072
43,420048921,4,64,0.5,0.059650000000001195
43,420048921,8,4,0.0,0.021500000000000102
43,420048921,8,4,0.1,0.023250000000000152
43,420048921,8,4,0.3,0.03425000000000047
43,420048921,8,4,0.5,0.03565000000000051
44,430048922,1,4,0.0,0.021500000000000102
44,430048922,1,4,0.1,0.05565000000000108
44,430048922,1,4,0.3,0.08109999999999923
44,430048922,1,4,0.5,0.07474999999999993
44,430048922,1,8,0.0,0.021500000000000102
44,430048922,1,8,0.1,0.029200000000000323
44,430048922,1,8,0.3,0.08109999999999923
44,430048922,1,8,0.5,0.08869999999999839
44,430048922,2,8,0.0,0.021500000000000102
44,430048922,2,8,0.1,0.03705000000000055
44,430048922,2,8,0.3,0.055850000000001086
44,430048922,2,8,0.5,0.04830000000000087
44,430048922,2,16,0.0,0.021500000000000102
44,430048922,2,16,0.1,0.04100000000000066
44,430048922,2,16,0.3,0.05875000000000117
44,430048922,2,16,0.5,0.05205000000000098
44,430048922,4,4,0.0,0.021500000000000102
44,430048922,4,4,0.1,0.023750000000000167
44,430048922,4,4,0.3,0.03635000000000053
44,430048922,4,4,0.5,0.03045000000000036
44,430048922,4,8,0.0,0.021500000000000102
44,430048922,4,8,0.1,0.02560000000000022
44,430048922,4,8,0.3,0.03635000000000053
44,430048922,4,8,0.5,0.04895000000000089
44,430048922,1,64,0.0,0.04295000000000072
44,430048922,1,64,0.1,0.08529999999999877
44,430048922,1,64,0.3,0.12009999999999493
44,430048922,1,64,0.5,0.1357999999999932
44,430048922,2,4,0.0,0.021500000000000102
44,430048922,2,4,0.1,0.0318500000000004
44,430048922,2,4,0.3,0.055850000000001086
44,430048922,2,4,0.5,0.037600000000000564
44,430048922,1,16,0.0,0.04295000000000072
44,430048922,1,16,0.1,0.051300000000000956
44,430048922,1,16,0.3,0.12009999999999493
44,430048922,1,16,0.5,0.09359999999999785
44,430048922,1,32,0.0,0.04295000000000072
44,430048922,1,32,0.1,0.051950000000000975
44,430048922,1,32,0.3,0.12009999999999493
44,430048922,1,32,0.5,0.11159999999999587
44,430048922,4,16,0.0,0.021500000000000102
44,430048922,4,16,0.1,0.027500000000000274
44,430048922,4,16,0.3,0.037250000000000554
44,430048922,4,16,0.5,0.0493500000000009
44,430048922,4,32,0.0,0.021500000000000102
44,430048922,4,32,0.1,0.03295000000000043
44,430048922,4,32,0.3,0.03845000000000059
44,430048922,4,32,0.5,0.0493500000000009
44,430048922,8,8,0.0,0.021500000000000102
44,430048922,8,8,0.1,0.027500000000000274
44,430048922,8,8,0.3,0.031400000000000386
44,430048922,8,8,0.5,0.037000000000000546
44,430048922,8,16,0.0,0.021500000000000102
44,430048922,8,16,0.1,0.027550000000000276
44,430048922,8,16,0.3,0.032050000000000405
44,430048922,8,16,0.5,0.04170000000000068
43,420048921,8,32,0.0,0.021500000000000102
43,420048921,8,32,0.1,0.030700000000000366
43,420048921,8,32,0.3,0.029350000000000327
43,420048921,8,32,0.5,0.039050000000000605
43,420048921,8,64,0.0,0.021500000000000102
43,420048921,8,64,0.1,0.034150000000000465
43,420048921,8,64,0.3,0.0353000000000005
43,420048921,8,64,0.5,0.04510000000000078
44,430048922,2,32,0.0,0.021500000000000102
44,430048922,2,32,0.1,0.04100000000000066
44,430048922,2,32,0.3,0.05875000000000117
44,430048922,2,32,0.5,0.09534999999999766
44,430048922,2,64,0.0,0.03225000000000041
44,430048922,2,64,0.1,0.052300000000000985
44,430048922,2,64,0.3,0.08539999999999875
44,430048922,2,64,0.5,0.09534999999999766
44,430048922,4,64,0.0,0.021500000000000102
44,430048922,4,64,0.1,0.03925000000000061
44,430048922,4,64,0.3,0.04725000000000084
44,430048922,4,64,0.5,0.08074999999999927
44,430048922,8,4,0.0,0.021500000000000102
44,430048922,8,4,0.1,0.027500000000000274
44,430048922,8,4,0.3,0.031400000000000386
44,430048922,8,4,0.5,0.024750000000000195
45,440048923,1,4,0.0,0.021500000000000102
45,440048923,1,4,0.1,0.042500000000000704
45,440048923,1,4,0.3,0.0931999999999979
45,440048923,1,4,0.5,0.10749999999999632
45,440048923,1,8,0.0,0.021500000000000102
45,440048923,1,8,0.1,0.042500000000000704
45,440048923,1,8,0.3,0.0931999999999979
45,440048923,1,8,0.5,0.10749999999999632
45,440048923,2,8,0.0,0.021500000000000102
45,440048923,2,8,0.1,0.03960000000000062
45,440048923,2,8,0.3,0.050250000000000926
45,440048923,2,8,0.5,0.05775000000000114
45,440048923,2,16,0.0,0.021500000000000102
45,440048923,2,16,0.1,0.03960000000000062
45,440048923,2,16,0.3,0.05490000000000106
45,440048923,2,16,0.5,0.05775000000000114
45,440048923,4,4,0.0,0.021500000000000102
45,440048923,4,4,0.1,0.044650000000000765
45,440048923,4,4,0.3,0.04135000000000067
45,440048923,4,4,0.5,0.050900000000000944
45,440048923,4,8,0.0,0.021500000000000102
45,440048923,4,8,0.1,0.044650000000000765
45,440048923,4,8,0.3,0.04135000000000067
45,440048923,4,8,0.5,0.050900000000000944
45,440048923,1,16,0.0,0.04295000000000072
45,440048923,1,16,0.1,0.05695000000000112
45,440048923,1,16,0.3,0.11334999999999568
45,440048923,1,16,0.5,0.10749999999999632
45,440048923,1,32,0.0,0.04295000000000072
45,440048923,1,32,0.1,0.06540000000000096
45,440048923,1,32,0.3,0.11334999999999568
45,440048923,1,32,0.5,0.11229999999999579
45,440048923,1,64,0.0,0.06445000000000106
45,440048923,1,64,0.1,0.07669999999999971
45,440048923,1,64,0.3,0.1413999999999926
45,440048923,1,64,0.5,0.12784999999999408
45,440048923,2,4,0.0,0.021500000000000102
45,440048923,2,4,0.1,0.03960000000000062
45,440048923,2,4,0.3,0.050250000000000926
45,440048923,2,4,0.5,0.05775000000000114
45,440048923,4,16,0.0,0.021500000000000102
45,440048923,4,16,0.1,0.044650000000000765
45,440048923,4,16,0.3,0.04135000000000067
45,440048923,4,16,0.5,0.05835000000000116
45,440048923,4,32,0.0,0.021500000000000102
45,440048923,4,32,0.1,0.04890000000000089
45,440048923,4,32,0.3,0.04385000000000074
45,440048923,4,32,0.5,0.05875000000000117
44,430048922,8,32,0.0,0.021500000000000102
44,430048922,8,32,0.1,0.027550000000000276
44,430048922,8,32,0.3,0.03305000000000043
44,430048922,8,32,0.5,0.04170000000000068
44,430048922,8,64,0.0,0.021500000000000102
44,430048922,8,64,0.1,0.03410000000000046
44,430048922,8,64,0.3,0.041850000000000685
44,430048922,8,64,0.5,0.04975000000000091
45,440048923,8,8,0.0,0.021500000000000102
45,440048923,8,8,0.1,0.028500000000000303
45,440048923,8,8,0.3,0.02945000000000033
45,440048923,8,8,0.5,0.036600000000000535
45,440048923,8,16,0.0,0.021500000000000102
45,440048923,8,16,0.1,0.028500000000000303
45,440048923,8,16,0.3,0.031000000000000374
45,440048923,8,16,0.5,0.036600000000000535
45,440048923,2,32,0.0,0.03225000000000041
45,440048923,2,32,0.1,0.04350000000000073
45,440048923,2,32,0.3,0.07824999999999954
45,440048923,2,32,0.5,0.07459999999999994
45,440048923,2,64,0.0,0.053700000000001025
45,440048923,2,64,0.1,0.057600000000001136
45,440048923,2,64,0.3,0.09834999999999733
45,440048923,2,64,0.5,0.09634999999999755
45,440048923,4,64,0.0,0.03225000000000041
45,440048923,4,64,0.1,0.04890000000000089
45,440048923,4,64,0.3,0.05525000000000107
45,440048923,4,64,0.5,0.06080000000000123
45,440048923,8,4,0.0,0.021500000000000102
45,440048923,8,4,0.1,0.028500000000000303
45,440048923,8,4,0.3,0.02945000000000033
45,440048923,8,4,0.5,0.036600000000000535
46,450048924,4,4,0.0,0.021500000000000102
46,450048924,4,4,0.1,0.02415000000000018
46,450048924,4,4,0.3,0.03080000000000037
46,450048924,4,4,0.5,0.037650000000000565
46,450048924,4,8,0.0,0.021500000000000102
46,450048924,4,8,0.1,0.027100000000000263
46,450048924,4,8,0.3,0.04305000000000072
46,450048924,4,8,0.5,0.037650000000000565
46,450048924,1,4,0.0,0.021500000000000102
46,450048924,1,4,0.1,0.029700000000000337
46,450048924,1,4,0.3,0.08569999999999872
46,450048924,1,4,0.5,0.09124999999999811
46,450048924,1,8,0.0,0.021500000000000102
46,450048924,1,8,0.1,0.053750000000001026
46,450048924,1,8,0.3,0.10874999999999618
46,450048924,1,8,0.5,0.11684999999999529
46,450048924,2,8,0.0,0.021500000000000102
46,450048924,2,8,0.1,0.0319000000000004
46,450048924,2,8,0.3,0.05345000000000102
46,450048924,2,8,0.5,0.054050000000001035
46,450048924,2,16,0.0,0.021500000000000102
46,450048924,2,16,0.1,0.033500000000000446
46,450048924,2,16,0.3,0.05695000000000112
46,450048924,2,16,0.5,0.06795000000000068
46,450048924,1,16,0.0,0.021500000000000102
46,450048924,1,16,0.1,0.053750000000001026
46,450048924,1,16,0.3,0.10874999999999618
46,450048924,1,16,0.5,0.11684999999999529
46,450048924,1,32,0.0,0.04295000000000072
46,450048924,1,32,0.1,0.07125000000000031
46,450048924,1,32,0.3,0.11234999999999579
46,450048924,1,32,0.5,0.11684999999999529
46,450048924,1,64,0.0,0.04295000000000072
46,450048924,1,64,0.1,0.09919999999999723
46,450048924,1,64,0.3,0.11234999999999579
46,450048924,1,64,0.5,0.14544999999999214
46,450048924,2,4,0.0,0.021500000000000102
46,450048924,2,4,0.1,0.031050000000000376
46,450048924,2,4,0.3,0.052900000000001
46,450048924,2,4,0.5,0.04765000000000085
46,450048924,8,8,0.0,0.021500000000000102
46,450048924,8,8,0.1,0.02695000000000026
46,450048924,8,8,0.3,0.0389500000000006
46,450048924,8,8,0.5,0.03235000000000041
46,450048924,8,16,0.0,0.021500000000000102
46,450048924,8,16,0.1,0.02735000000000027
46,450048924,8,16,0.3,0.0389500000000006
46,450048924,8,16,0.5,0.03510000000000049
46,450048924,4,16,0.0,0.021500000000000102
46,450048924,4,16,0.1,0.027550000000000276
46,450048924,4,16,0.3,0.047100000000000836
46,450048924,4,16,0.5,0.041500000000000675
46,450048924,4,32,0.0,0.021500000000000102
46,450048924,4,32,0.1,0.04000000000000063
46,450048924,4,32,0.3,0.05470000000000105
46,450048924,4,32,0.5,0.05660000000000111
46,450048924,2,32,0.0,0.021500000000000102
46,450048924,2,32,0.1,0.05920000000000118
46,450048924,2,32,0.3,0.06435000000000107
46,450048924,2,32,0.5,0.0768499999999997
46,450048924,2,64,0.0,0.03225000000000041
46,450048924,2,64,0.1,0.05920000000000118
46,450048924,2,64,0.3,0.07964999999999939
46,450048924,2,64,0.5,0.09369999999999784
45,440048923,8,32,0.0,0.021500000000000102
45,440048923,8,32,0.1,0.03470000000000048
45,440048923,8,32,0.3,0.0422500000000007
45,440048923,8,32,0.5,0.04435000000000076
45,440048923,8,64,0.0,0.021500000000000102
45,440048923,8,64,0.1,0.034900000000000486
45,440048923,8,64,0.3,0.04895000000000089
45,440048923,8,64,0.5,0.04805000000000086
47,460048925,1,4,0.0,0.021500000000000102
47,460048925,1,4,0.1,0.052950000000001
47,460048925,1,4,0.3,0.056200000000001096
47,460048925,1,4,0.5,0.06745000000000073
47,460048925,1,8,0.0,0.021500000000000102
47,460048925,1,8,0.1,0.056900000000001116
47,460048925,1,8,0.3,0.06780000000000069
47,460048925,1,8,0.5,0.08649999999999863
46,450048924,4,64,0.0,0.021500000000000102
46,450048924,4,64,0.1,0.05765000000000114
46,450048924,4,64,0.3,0.05470000000000105
46,450048924,4,64,0.5,0.06665000000000082
46,450048924,8,4,0.0,0.021500000000000102
46,450048924,8,4,0.1,0.02425000000000018
46,450048924,8,4,0.3,0.02770000000000028
46,450048924,8,4,0.5,0.03235000000000041
47,460048925,4,4,0.0,0.021500000000000102
47,460048925,4,4,0.1,0.02765000000000028
47,460048925,4,4,0.3,0.03295000000000043
47,460048925,4,4,0.5,0.03020000000000035
47,460048925,4,8,0.0,0.021500000000000102
47,460048925,4,8,0.1,0.02765000000000028
47,460048925,4,8,0.3,0.03295000000000043
47,460048925,4,8,0.5,0.05355000000000102
47,460048925,2,8,0.0,0.021500000000000102
47,460048925,2,8,0.1,0.033500000000000446
47,460048925,2,8,0.3,0.04685000000000083
47,460048925,2,8,0.5,0.042550000000000705
47,460048925,2,16,0.0,0.021500000000000102
47,460048925,2,16,0.1,0.03815000000000058
47,460048925,2,16,0.3,0.049850000000000914
47,460048925,2,16,0.5,0.05450000000000105
47,460048925,1,16,0.0,0.021500000000000102
47,460048925,1,16,0.1,0.06520000000000098
47,460048925,1,16,0.3,0.09364999999999785
47,460048925,1,16,0.5,0.0985999999999973
47,460048925,1,32,0.0,0.04295000000000072
47,460048925,1,32,0.1,0.09344999999999787
47,460048925,1,32,0.3,0.1040499999999967
47,460048925,1,32,0.5,0.10379999999999673
47,460048925,1,64,0.0,0.04295000000000072
47,460048925,1,64,0.1,0.09344999999999787
47,460048925,1,64,0.3,0.11904999999999505
47,460048925,1,64,0.5,0.12914999999999394
47,460048925,2,4,0.0,0.021500000000000102
47,460048925,2,4,0.1,0.025800000000000226
47,460048925,2,4,0.3,0.04685000000000083
47,460048925,2,4,0.5,0.04095000000000066
47,460048925,4,16,0.0,0.021500000000000102
47,460048925,4,16,0.1,0.02765000000000028
47,460048925,4,16,0.3,0.03410000000000046
47,460048925,4,16,0.5,0.05355000000000102
47,460048925,4,32,0.0,0.021500000000000102
47,460048925,4,32,0.1,0.034850000000000485
47,460048925,4,32,0.3,0.037650000000000565
47,460048925,4,32,0.5,0.06085000000000123
47,460048925,8,8,0.0,0.021500000000000102
47,460048925,8,8,0.1,0.022950000000000144
47,460048925,8,8,0.3,0.02635000000000024
47,460048925,8,8,0.5,0.036950000000000545
47,460048925,8,16,0.0,0.021500000000000102
47,460048925,8,16,0.1,0.024750000000000195
47,460048925,8,16,0.3,0.03050000000000036
47,460048925,8,16,0.5,0.036950000000000545
47,460048925,2,32,0.0,0.021500000000000102
47,460048925,2,32,0.1,0.05105000000000095
47,460048925,2,32,0.3,0.0564500000000011
47,460048925,2,32,0.5,0.06290000000000123
47,460048925,2,64,0.0,0.03225000000000041
47,460048925,2,64,0.1,0.05535000000000107
47,460048925,2,64,0.3,0.06745000000000073
47,460048925,2,64,0.5,0.06660000000000083
46,450048924,8,32,0.0,0.021500000000000102
46,450048924,8,32,0.1,0.0423000000000007
46,450048924,8,32,0.3,0.04315000000000072
46,450048924,8,32,0.5,0.04370000000000074
46,450048924,8,64,0.0,0.021500000000000102
46,450048924,8,64,0.1,0.0423000000000007
46,450048924,8,64,0.3,0.04315000000000072
46,450048924,8,64,0.5,0.04555000000000079
47,460048925,4,64,0.0,0.021500000000000102
47,460048925,4,64,0.1,0.039350000000000614
47,460048925,4,64,0.3,0.0563500000000011
47,460048925,4,64,0.5,0.06085000000000123
47,460048925,8,4,0.0,0.021500000000000102
47,460048925,8,4,0.1,0.022950000000000144
47,460048925,8,4,0.3,0.024300000000000183
47,460048925,8,4,0.5,0.025150000000000207
48,470048926,1,4,0.0,0.021500000000000102
48,470048926,1,4,0.1,0.052850000000001
48,470048926,1,4,0.3,0.057500000000001134
48,470048926,1,4,0.5,0.08974999999999828
48,470048926,1,8,0.0,0.021500000000000102
48,470048926,1,8,0.1,0.052850000000001
48,470048926,1,8,0.3,0.06945000000000051
48,470048926,1,8,0.5,0.09794999999999737
48,470048926,2,8,0.0,0.021500000000000102
48,470048926,2,8,0.1,0.03390000000000046
48,470048926,2,8,0.3,0.057500000000001134
48,470048926,2,8,0.5,0.052900000000001
48,470048926,2,16,0.0,0.021500000000000102
48,470048926,2,16,0.1,0.056200000000001096
48,470048926,2,16,0.3,0.06910000000000055
48,470048926,2,16,0.5,0.056200000000001096
48,470048926,4,4,0.0,0.021500000000000102
48,470048926,4,4,0.1,0.02740000000000027
48,470048926,4,4,0.3,0.04900000000000089
48,470048926,4,4,0.5,0.0318500000000004
48,470048926,4,8,0.0,0.021500000000000102
48,470048926,4,8,0.1,0.028250000000000296
48,470048926,4,8,0.3,0.04900000000000089
48,470048926,4,8,0.5,0.054050000000001035
48,470048926,1,16,0.0,0.021500000000000102
48,470048926,1,16,0.1,0.10909999999999614
48,470048926,1,16,0.3,0.06945000000000051
48,470048926,1,16,0.5,0.09459999999999774
48,470048926,1,32,0.0,0.021500000000000102
48,470048926,1,32,0.1,0.09084999999999815
48,470048926,1,32,0.3,0.09569999999999762
48,470048926,1,32,0.5,0.11604999999999538
48,470048926,4,16,0.0,0.021500000000000102
48,470048926,4,16,0.1,0.03640000000000053
48,470048926,4,16,0.3,0.04900000000000089
48,470048926,4,16,0.5,0.04470000000000077
48,470048926,4,32,0.0,0.021500000000000102
48,470048926,4,32,0.1,0.03640000000000053
48,470048926,4,32,0.3,0.04900000000000089
48,470048926,4,32,0.5,0.06570000000000092
48,470048926,1,64,0.0,0.04295000000000072
48,470048926,1,64,0.1,0.09084999999999815
48,470048926,1,64,0.3,0.10574999999999651
48,470048926,1,64,0.5,0.19104999999998712
48,470048926,2,4,0.0,0.021500000000000102
48,470048926,2,4,0.1,0.0318000000000004
48,470048926,2,4,0.3,0.057500000000001134
48,470048926,2,4,0.5,0.045350000000000786
48,470048926,2,32,0.0,0.021500000000000102
48,470048926,2,32,0.1,0.04370000000000074
48,470048926,2,32,0.3,0.06910000000000055
48,470048926,2,32,0.5,0.062400000000001274
48,470048926,2,64,0.0,0.03225000000000041
48,470048926,2,64,0.1,0.0696000000000005
48,470048926,2,64,0.3,0.08294999999999902
48,470048926,2,64,0.5,0.09119999999999812
47,460048925,8,32,0.0,0.021500000000000102
47,460048925,8,32,0.1,0.030700000000000366
47,460048925,8,32,0.3,0.03050000000000036
47,460048925,8,32,0.5,0.03825000000000058
47,460048925,8,64,0.0,0.021500000000000102
47,460048925,8,64,0.1,0.03115000000000038
47,460048925,8,64,0.3,0.04520000000000078
47,460048925,8,64,0.5,0.04485000000000077
48,470048926,8,8,0.0,0.021500000000000102
48,470048926,8,8,0.1,0.025450000000000216
48,470048926,8,8,0.3,0.031050000000000376
48,470048926,8,8,0.5,0.0354000000000005
48,470048926,8,16,0.0,0.021500000000000102
48,470048926,8,16,0.1,0.029350000000000327
48,470048926,8,16,0.3,0.03265000000000042
48,470048926,8,16,0.5,0.04060000000000065
48,470048926,4,64,0.0,0.026850000000000256
48,470048926,4,64,0.1,0.04645000000000082
48,470048926,4,64,0.3,0.06200000000000126
48,470048926,4,64,0.5,0.06740000000000074
48,470048926,8,4,0.0,0.021500000000000102
48,470048926,8,4,0.1,0.023400000000000157
48,470048926,8,4,0.3,0.031050000000000376
48,470048926,8,4,0.5,0.03115000000000038
49,480048927,1,4,0.0,0.021500000000000102
49,480048927,1,4,0.1,0.021500000000000102
49,480048927,1,4,0.3,0.09049999999999819
49,480048927,1,4,0.5,0.09629999999999755
49,480048927,1,8,0.0,0.021500000000000102
49,480048927,1,8,0.1,0.045300000000000784
49,480048927,1,8,0.3,0.09049999999999819
49,480048927,1,8,0.5,0.0804999999999993
49,480048927,4,4,0.0,0.021500000000000102
49,480048927,4,4,0.1,0.02880000000000031
49,480048927,4,4,0.3,0.03120000000000038
49,480048927,4,4,0.5,0.037600000000000564
49,480048927,4,8,0.0,0.021500000000000102
49,480048927,4,8,0.1,0.03020000000000035
49,480048927,4,8,0.3,0.03120000000000038
49,480048927,4,8,0.5,0.037600000000000564
49,480048927,2,8,0.0,0.021500000000000102
49,480048927,2,8,0.1,0.041500000000000675
49,480048927,2,8,0.3,0.04785000000000086
49,480048927,2,8,0.5,0.05905000000000118
49,480048927,2,16,0.0,0.021500000000000102
49,480048927,2,16,0.1,0.04310000000000072
49,480048927,2,16,0.3,0.04875000000000088
49,480048927,2,16,0.5,0.05905000000000118
49,480048927,1,16,0.0,0.021500000000000102
49,480048927,1,16,0.1,0.05015000000000092
49,480048927,1,16,0.3,0.09049999999999819
49,480048927,1,16,0.5,0.0804999999999993
49,480048927,1,32,0.0,0.021500000000000102
49,480048927,1,32,0.1,0.07554999999999984
49,480048927,1,32,0.3,0.11229999999999579
49,480048927,1,32,0.5,0.09194999999999803
49,480048927,4,16,0.0,0.021500000000000102
49,480048927,4,16,0.1,0.03020000000000035
49,480048927,4,16,0.3,0.03325000000000044
49,480048927,4,16,0.5,0.037600000000000564
49,480048927,4,32,0.0,0.021500000000000102
49,480048927,4,32,0.1,0.03020000000000035
49,480048927,4,32,0.3,0.04100000000000066
49,480048927,4,32,0.5,0.0458000000000008
49,480048927,1,64,0.0,0.04295000000000072
49,480048927,1,64,0.1,0.10234999999999689
49,480048927,1,64,0.3,0.1130999999999957
49,480048927,1,64,0.5,0.1458499999999921
49,480048927,2,4,0.0,0.021500000000000102
49,480048927,2,4,0.1,0.0320000000000004
49,480048927,2,4,0.3,0.04785000000000086
49,480048927,2,4,0.5,0.05905000000000118
49,480048927,8,8,0.0,0.021500000000000102
49,480048927,8,8,0.1,0.02665000000000025
49,480048927,8,8,0.3,0.029350000000000327
49,480048927,8,8,0.5,0.03305000000000043
49,480048927,8,16,0.0,0.021500000000000102
49,480048927,8,16,0.1,0.027500000000000274
49,480048927,8,16,0.3,0.029350000000000327
49,480048927,8,16,0.5,0.03305000000000043
49,480048927,2,32,0.0,0.021500000000000102
49,480048927,2,32,0.1,0.04310000000000072
49,480048927,2,32,0.3,0.06290000000000123
49,480048927,2,32,0.5,0.05905000000000118
49,480048927,2,64,0.0,0.021500000000000102
49,480048927,2,64,0.1,0.06460000000000105
49,480048927,2,64,0.3,0.06290000000000123
49,480048927,2,64,0.5,0.09524999999999767
48,470048926,8,32,0.0,0.021500000000000102
48,470048926,8,32,0.1,0.029350000000000327
48,470048926,8,32,0.3,0.04210000000000069
48,470048926,8,32,0.5,0.04060000000000065
48,470048926,8,64,0.0,0.021500000000000102
48,470048926,8,64,0.1,0.0355000000000005
48,470048926,8,64,0.3,0.04210000000000069
48,470048926,8,64,0.5,0.042200000000000695
49,480048927,4,64,0.0,0.021500000000000102
49,480048927,4,64,0.1,0.03915000000000061
49,480048927,4,64,0.3,0.06040000000000122
49,480048927,4,64,0.5,0.05250000000000099
49,480048927,8,4,0.0,0.021500000000000102
49,480048927,8,4,0.1,0.027500000000000274
49,480048927,8,4,0.3,0.036650000000000536
49,480048927,8,4,0.5,0.03785000000000057
50,490048928,4,4,0.0,0.021500000000000102
50,490048928,4,4,0.1,0.02940000000000033
50,490048928,4,4,0.3,0.028900000000000314
50,490048928,4,4,0.5,0.053050000000001006
50,490048928,4,8,0.0,0.021500000000000102
50,490048928,4,8,0.1,0.03125000000000038
50,490048928,4,8,0.3,0.0318500000000004
50,490048928,4,8,0.5,0.053050000000001006
50,490048928,1,4,0.0,0.021500000000000102
50,490048928,1,4,0.1,0.054400000000001045
50,490048928,1,4,0.3,0.08219999999999911
50,490048928,1,4,0.5,0.1213499999999948
50,490048928,1,8,0.0,0.021500000000000102
50,490048928,1,8,0.1,0.054400000000001045
50,490048928,1,8,0.3,0.08219999999999911
50,490048928,1,8,0.5,0.1213499999999948
50,490048928,2,8,0.0,0.021500000000000102
50,490048928,2,8,0.1,0.054400000000001045
50,490048928,2,8,0.3,0.05030000000000093
50,490048928,2,8,0.5,0.0859499999999987
50,490048928,2,16,0.0,0.021500000000000102
50,490048928,2,16,0.1,0.054400000000001045
50,490048928,2,16,0.3,0.05210000000000098
50,490048928,2,16,0.5,0.0859499999999987
50,490048928,1,16,0.0,0.04295000000000072
50,490048928,1,16,0.1,0.054400000000001045
50,490048928,1,16,0.3,0.10034999999999711
50,490048928,1,16,0.5,0.1213499999999948
50,490048928,1,32,0.0,0.04295000000000072
50,490048928,1,32,0.1,0.0564000000000011
50,490048928,1,32,0.3,0.10034999999999711
50,490048928,1,32,0.5,0.1213499999999948
50,490048928,1,64,0.0,0.04295000000000072
50,490048928,1,64,0.1,0.08384999999999893
50,490048928,1,64,0.3,0.12834999999999402
50,490048928,1,64,0.5,0.1213499999999948
50,490048928,2,4,0.0,0.021500000000000102
50,490048928,2,4,0.1,0.054400000000001045
50,490048928,2,4,0.3,0.04770000000000085
50,490048928,2,4,0.5,0.0859499999999987
50,490048928,4,16,0.0,0.021500000000000102
50,490048928,4,16,0.1,0.02940000000000033
50,490048928,4,16,0.3,0.041850000000000685
50,490048928,4,16,0.5,0.053050000000001006
50,490048928,4,32,0.0,0.021500000000000102
50,490048928,4,32,0.1,0.030050000000000347
50,490048928,4,32,0.3,0.04895000000000089
50,490048928,4,32,0.5,0.06445000000000106
50,490048928,2,32,0.0,0.021500000000000102
50,490048928,2,32,0.1,0.054400000000001045
50,490048928,2,32,0.3,0.06090000000000123
50,490048928,2,32,0.5,0.0859499999999987
50,490048928,2,64,0.0,0.021500000000000102
50,490048928,2,64,0.1,0.054400000000001045
50,490048928,2,64,0.3,0.06825000000000064
50,490048928,2,64,0.5,0.09019999999999823
49,480048927,8,32,0.0,0.021500000000000102
49,480048927,8,32,0.1,0.02875000000000031
49,480048927,8,32,0.3,0.03365000000000045
49,480048927,8,32,0.5,0.04205000000000069
49,480048927,8,64,0.0,0.021500000000000102
49,480048927,8,64,0.1,0.03465000000000048
49,480048927,8,64,0.3,0.03965000000000062
49,480048927,8,64,0.5,0.04205000000000069
50,490048928,8,8,0.0,0.021500000000000102
50,490048928,8,8,0.1,0.028500000000000303
50,490048928,8,8,0.3,0.03080000000000037
50,490048928,8,8,0.5,0.04385000000000074
50,490048928,8,16,0.0,0.021500000000000102
50,490048928,8,16,0.1,0.025350000000000213
50,490048928,8,16,0.3,0.037000000000000546
50,490048928,8,16,0.5,0.048850000000000886
50,490048928,4,64,0.0,0.021500000000000102
50,490048928,4,64,0.1,0.05245000000000099
50,490048928,4,64,0.3,0.07190000000000024
50,490048928,4,64,0.5,0.06445000000000106
50,490048928,8,4,0.0,0.021500000000000102
50,490048928,8,4,0.1,0.02530000000000021
50,490048928,8,4,0.3,0.028150000000000293
50,490048928,8,4,0.5,0.040750000000000654
51,500048929,4,4,0.0,0.021500000000000102
51,500048929,4,4,0.1,0.02250000000000013
51,500048929,4,4,0.3,0.03150000000000039
51,500048929,4,4,0.5,0.03340000000000044
51,500048929,4,8,0.0,0.021500000000000102
51,500048929,4,8,0.1,0.0249000000000002
51,500048929,4,8,0.3,0.048800000000000884
51,500048929,4,8,0.5,0.04295000000000072
51,500048929,2,8,0.0,0.021500000000000102
51,500048929,2,8,0.1,0.027900000000000286
51,500048929,2,8,0.3,0.0422500000000007
51,500048929,2,8,0.5,0.05490000000000106
51,500048929,2,16,0.0,0.021500000000000102
51,500048929,2,16,0.1,0.032050000000000405
51,500048929,2,16,0.3,0.0422500000000007
51,500048929,2,16,0.5,0.05490000000000106
51,500048929,1,4,0.0,0.021500000000000102
51,500048929,1,4,0.1,0.027800000000000283
51,500048929,1,4,0.3,0.08279999999999904
51,500048929,1,4,0.5,0.10734999999999634
51,500048929,1,8,0.0,0.021500000000000102
51,500048929,1,8,0.1,0.04715000000000084
51,500048929,1,8,0.3,0.07280000000000014
51,500048929,1,8,0.5,0.10734999999999634
51,500048929,1,16,0.0,0.04295000000000072
51,500048929,1,16,0.1,0.05530000000000107
51,500048929,1,16,0.3,0.07280000000000014
51,500048929,1,16,0.5,0.10734999999999634
51,500048929,1,32,0.0,0.04295000000000072
51,500048929,1,32,0.1,0.0564500000000011
51,500048929,1,32,0.3,0.0931999999999979
51,500048929,1,32,0.5,0.11114999999999592
51,500048929,1,64,0.0,0.04295000000000072
51,500048929,1,64,0.1,0.09564999999999763
51,500048929,1,64,0.3,0.09904999999999725
51,500048929,1,64,0.5,0.12749999999999412
51,500048929,2,4,0.0,0.021500000000000102
51,500048929,2,4,0.1,0.026200000000000237
51,500048929,2,4,0.3,0.04840000000000087
51,500048929,2,4,0.5,0.05490000000000106
51,500048929,2,32,0.0,0.03225000000000041
51,500048929,2,32,0.1,0.03650000000000053
51,500048929,2,32,0.3,0.04870000000000088
51,500048929,2,32,0.5,0.05870000000000117
51,500048929,2,64,0.0,0.03225000000000041
51,500048929,2,64,0.1,0.06200000000000126
51,500048929,2,64,0.3,0.05385000000000103
51,500048929,2,64,0.5,0.07484999999999992
51,500048929,8,8,0.0,0.021500000000000102
51,500048929,8,8,0.1,0.02215000000000012
51,500048929,8,8,0.3,0.032750000000000425
51,500048929,8,8,0.5,0.03475000000000048
51,500048929,8,16,0.0,0.021500000000000102
51,500048929,8,16,0.1,0.025150000000000207
51,500048929,8,16,0.3,0.02910000000000032
51,500048929,8,16,0.5,0.04410000000000075
51,500048929,4,16,0.0,0.021500000000000102
51,500048929,4,16,0.1,0.02520000000000021
51,500048929,4,16,0.3,0.048800000000000884
51,500048929,4,16,0.5,0.04415000000000075
51,500048929,4,32,0.0,0.021500000000000102
51,500048929,4,32,0.1,0.03325000000000044
51,500048929,4,32,0.3,0.048800000000000884
51,500048929,4,32,0.5,0.0492500000000009
50,490048928,8,32,0.0,0.021500000000000102
50,490048928,8,32,0.1,0.025350000000000213
50,490048928,8,32,0.3,0.037250000000000554
50,490048928,8,32,0.5,0.05040000000000093
50,490048928,8,64,0.0,0.021500000000000102
50,490048928,8,64,0.1,0.0422500000000007
50,490048928,8,64,0.3,0.039450000000000617
50,490048928,8,64,0.5,0.05065000000000094
51,500048929,4,64,0.0,0.021500000000000102
51,500048929,4,64,0.1,0.05250000000000099
51,500048929,4,64,0.3,0.050950000000000946
51,500048929,4,64,0.5,0.0563000000000011
51,500048929,8,4,0.0,0.021500000000000102
51,500048929,8,4,0.1,0.022400000000000128
51,500048929,8,4,0.3,0.029350000000000327
51,500048929,8,4,0.5,0.03475000000000048
52,510048930,1,4,0.0,0.021500000000000102
52,510048930,1,4,0.1,0.03640000000000053
52,510048930,1,4,0.3,0.09004999999999824
52,510048930,1,4,0.5,0.09934999999999722
52,510048930,1,8,0.0,0.021500000000000102
52,510048930,1,8,0.1,0.06995000000000046
52,510048930,1,8,0.3,0.09004999999999824
52,510048930,1,8,0.5,0.10124999999999701
52,510048930,4,4,0.0,0.021500000000000102
52,510048930,4,4,0.1,0.028150000000000293
52,510048930,4,4,0.3,0.04310000000000072
52,510048930,4,4,0.5,0.04165000000000068
52,510048930,4,8,0.0,0.021500000000000102
52,510048930,4,8,0.1,0.028300000000000297
52,510048930,4,8,0.3,0.04310000000000072
52,510048930,4,8,0.5,0.04665000000000082
52,510048930,2,8,0.0,0.021500000000000102
52,510048930,2,8,0.1,0.03845000000000059
52,510048930,2,8,0.3,0.0659500000000009
52,510048930,2,8,0.5,0.0705000000000004
52,510048930,2,16,0.0,0.021500000000000102
52,510048930,2,16,0.1,0.044600000000000764
52,510048930,2,16,0.3,0.0659500000000009
52,510048930,2,16,0.5,0.0705000000000004
52,510048930,1,16,0.0,0.021500000000000102
52,510048930,1,16,0.1,0.0659500000000009
52,510048930,1,16,0.3,0.09004999999999824
52,510048930,1,16,0.5,0.10964999999999608
52,510048930,1,32,0.0,0.021500000000000102
52,510048930,1,32,0.1,0.0659500000000009
52,510048930,1,32,0.3,0.09004999999999824
52,510048930,1,32,0.5,0.10964999999999608
52,510048930,1,64,0.0,0.04295000000000072
52,510048930,1,64,0.1,0.0659500000000009
52,510048930,1,64,0.3,0.11444999999999556
52,510048930,1,64,0.5,0.110349999999996
52,510048930,2,4,0.0,0.021500000000000102
52,510048930,2,4,0.1,0.02665000000000025
52,510048930,2,4,0.3,0.0659500000000009
52,510048930,2,4,0.5,0.0705000000000004
52,510048930,4,16,0.0,0.021500000000000102
52,510048930,4,16,0.1,0.028500000000000303
52,510048930,4,16,0.3,0.04310000000000072
52,510048930,4,16,0.5,0.04665000000000082
52,510048930,4,32,0.0,0.021500000000000102
52,510048930,4,32,0.1,0.0353500000000005
52,510048930,4,32,0.3,0.06305000000000122
52,510048930,4,32,0.5,0.04805000000000086
52,510048930,2,32,0.0,0.021500000000000102
52,510048930,2,32,0.1,0.044600000000000764
52,510048930,2,32,0.3,0.0659500000000009
52,510048930,2,32,0.5,0.092249999999998
52,510048930,2,64,0.0,0.021500000000000102
52,510048930,2,64,0.1,0.04660000000000082
52,510048930,2,64,0.3,0.0659500000000009
52,510048930,2,64,0.5,0.092249999999998
52,510048930,8,8,0.0,0.021500000000000102
52,510048930,8,8,0.1,0.0248500000000002
52,510048930,8,8,0.3,0.03260000000000042
52,510048930,8,8,0.5,0.038300000000000584
52,510048930,8,16,0.0,0.021500000000000102
52,510048930,8,16,0.1,0.02665000000000025
52,510048930,8,16,0.3,0.03260000000000042
52,510048930,8,16,0.5,0.038300000000000584
51,500048929,8,32,0.0,0.021500000000000102
51,500048929,8,32,0.1,0.030050000000000347
51,500048929,8,32,0.3,0.03815000000000058
51,500048929,8,32,0.5,0.05315000000000101
51,500048929,8,64,0.0,0.021500000000000102
51,500048929,8,64,0.1,0.030050000000000347
51,500048929,8,64,0.3,0.03815000000000058
51,500048929,8,64,0.5,0.05430000000000104
52,510048930,4,64,0.0,0.021500000000000102
52,510048930,4,64,0.1,0.0353500000000005
52,510048930,4,64,0.3,0.07400000000000001
52,510048930,4,64,0.5,0.058650000000001166
52,510048930,8,4,0.0,0.021500000000000102
52,510048930,8,4,0.1,0.023250000000000152
52,510048930,8,4,0.3,0.03260000000000042
52,510048930,8,4,0.5,0.03330000000000044
53,520048931,1,4,0.0,0.021500000000000102
53,520048931,1,4,0.1,0.021500000000000102
53,520048931,1,4,0.3,0.07285000000000014
53,520048931,1,4,0.5,0.09694999999999748
53,520048931,1,8,0.0,0.021500000000000102
53,520048931,1,8,0.1,0.05205000000000098
53,520048931,1,8,0.3,0.1076499999999963
53,520048931,1,8,0.5,0.08759999999999851
53,520048931,4,4,0.0,0.021500000000000102
53,520048931,4,4,0.1,0.024450000000000187
53,520048931,4,4,0.3,0.03470000000000048
53,520048931,4,4,0.5,0.0459000000000008
53,520048931,4,8,0.0,0.021500000000000102
53,520048931,4,8,0.1,0.02980000000000034
53,520048931,4,8,0.3,0.03470000000000048
53,520048931,4,8,0.5,0.036650000000000536
53,520048931,2,8,0.0,0.021500000000000102
53,520048931,2,8,0.1,0.05525000000000107
53,520048931,2,8,0.3,0.06340000000000118
53,520048931,2,8,0.5,0.04680000000000083
53,520048931,2,16,0.0,0.021500000000000102
53,520048931,2,16,0.1,0.05525000000000107
53,520048931,2,16,0.3,0.06340000000000118
53,520048931,2,16,0.5,0.06980000000000047
53,520048931,1,16,0.0,0.021500000000000102
53,520048931,1,16,0.1,0.07449999999999996
53,520048931,1,16,0.3,0.110449999999996
53,520048931,1,16,0.5,0.10634999999999645
53,520048931,1,32,0.0,0.04295000000000072
53,520048931,1,32,0.1,0.07659999999999972
53,520048931,1,32,0.3,0.110449999999996
53,520048931,1,32,0.5,0.10634999999999645
53,520048931,1,64,0.0,0.04295000000000072
53,520048931,1,64,0.1,0.07659999999999972
53,520048931,1,64,0.3,0.11864999999999509
53,520048931,1,64,0.5,0.15904999999999064
53,520048931,2,4,0.0,0.021500000000000102
53,520048931,2,4,0.1,0.030250000000000353
53,520048931,2,4,0.3,0.06340000000000118
53,520048931,2,4,0.5,0.05205000000000098
53,520048931,4,16,0.0,0.021500000000000102
53,520048931,4,16,0.1,0.03860000000000059
53,520048931,4,16,0.3,0.04295000000000072
53,520048931,4,16,0.5,0.05190000000000097
53,520048931,4,32,0.0,0.021500000000000102
53,520048931,4,32,0.1,0.03860000000000059
53,520048931,4,32,0.3,0.05355000000000102
53,520048931,4,32,0.5,0.04875000000000088
53,520048931,8,8,0.0,0.021500000000000102
53,520048931,8,8,0.1,0.02975000000000034
53,520048931,8,8,0.3,0.024800000000000197
53,520048931,8,8,0.5,0.04020000000000064
53,520048931,8,16,0.0,0.021500000000000102
53,520048931,8,16,0.1,0.030700000000000366
53,520048931,8,16,0.3,0.03010000000000035
53,520048931,8,16,0.5,0.04020000000000064
52,510048930,8,32,0.0,0.021500000000000102
52,510048930,8,32,0.1,0.030700000000000366
52,510048930,8,32,0.3,0.04375000000000074
52,510048930,8,32,0.5,0.038300000000000584
52,510048930,8,64,0.0,0.021500000000000102
52,510048930,8,64,0.1,0.0319000000000004
52,510048930,8,64,0.3,0.04375000000000074
52,510048930,8,64,0.5,0.04515000000000078
53,520048931,2,32,0.0,0.03225000000000041
53,520048931,2,32,0.1,0.08239999999999909
53,520048931,2,32,0.3,0.06340000000000118
53,520048931,2,32,0.5,0.08109999999999923
53,520048931,2,64,0.0,0.03225000000000041
53,520048931,2,64,0.1,0.08239999999999909
53,520048931,2,64,0.3,0.08789999999999848
53,520048931,2,64,0.5,0.0867999999999986
53,520048931,4,64,0.0,0.021500000000000102
53,520048931,4,64,0.1,0.03860000000000059
53,520048931,4,64,0.3,0.06480000000000102
53,520048931,4,64,0.5,0.06795000000000068
53,520048931,8,4,0.0,0.021500000000000102
53,520048931,8,4,0.1,0.02595000000000023
53,520048931,8,4,0.3,0.024800000000000197
53,520048931,8,4,0.5,0.03335000000000044
54,530048932,1,4,0.0,0.021500000000000102
54,530048932,1,4,0.1,0.08454999999999885
54,530048932,1,4,0.3,0.07929999999999943
54,530048932,1,4,0.5,0.08194999999999913
54,530048932,1,8,0.0,0.021500000000000102
54,530048932,1,8,0.1,0.08454999999999885
54,530048932,1,8,0.3,0.09004999999999824
54,530048932,1,8,0.5,0.10979999999999607
54,530048932,4,4,0.0,0.021500000000000102
54,530048932,4,4,0.1,0.027250000000000267
54,530048932,4,4,0.3,0.029950000000000344
54,530048932,4,4,0.5,0.02950000000000033
54,530048932,4,8,0.0,0.021500000000000102
54,530048932,4,8,0.1,0.03325000000000044
54,530048932,4,8,0.3,0.0424500000000007
54,530048932,4,8,0.5,0.04315000000000072
54,530048932,2,8,0.0,0.021500000000000102
54,530048932,2,8,0.1,0.04200000000000069
54,530048932,2,8,0.3,0.04685000000000083
54,530048932,2,8,0.5,0.054100000000001036
54,530048932,2,16,0.0,0.021500000000000102
54,530048932,2,16,0.1,0.04200000000000069
54,530048932,2,16,0.3,0.059250000000001184
54,530048932,2,16,0.5,0.054100000000001036
54,530048932,1,16,0.0,0.021500000000000102
54,530048932,1,16,0.1,0.08454999999999885
54,530048932,1,16,0.3,0.09004999999999824
54,530048932,1,16,0.5,0.10979999999999607
54,530048932,1,32,0.0,0.04295000000000072
54,530048932,1,32,0.1,0.08454999999999885
54,530048932,1,32,0.3,0.09004999999999824
54,530048932,1,32,0.5,0.13054999999999378
54,530048932,1,64,0.0,0.04295000000000072
54,530048932,1,64,0.1,0.12914999999999394
54,530048932,1,64,0.3,0.11519999999999547
54,530048932,1,64,0.5,0.1502999999999916
54,530048932,2,4,0.0,0.021500000000000102
54,530048932,2,4,0.1,0.04200000000000069
54,530048932,2,4,0.3,0.046350000000000814
54,530048932,2,4,0.5,0.04445000000000076
54,530048932,4,16,0.0,0.021500000000000102
54,530048932,4,16,0.1,0.03620000000000052
54,530048932,4,16,0.3,0.04835000000000087
54,530048932,4,16,0.5,0.04405000000000075
54,530048932,4,32,0.0,0.021500000000000102
54,530048932,4,32,0.1,0.03620000000000052
54,530048932,4,32,0.3,0.06915000000000054
54,530048932,4,32,0.5,0.05670000000000111
54,530048932,8,8,0.0,0.021500000000000102
54,530048932,8,8,0.1,0.02730000000000027
54,530048932,8,8,0.3,0.035950000000000516
54,530048932,8,8,0.5,0.04315000000000072
54,530048932,8,16,0.0,0.021500000000000102
54,530048932,8,16,0.1,0.025450000000000216
54,530048932,8,16,0.3,0.035950000000000516
54,530048932,8,16,0.5,0.04315000000000072
53,520048931,8,32,0.0,0.021500000000000102
53,520048931,8,32,0.1,0.03330000000000044
53,520048931,8,32,0.3,0.03445000000000047
53,520048931,8,32,0.5,0.041800000000000684
53,520048931,8,64,0.0,0.021500000000000102
53,520048931,8,64,0.1,0.03330000000000044
53,520048931,8,64,0.3,0.04470000000000077
53,520048931,8,64,0.5,0.05390000000000103
54,530048932,2,32,0.0,0.021500000000000102
54,530048932,2,32,0.1,0.04270000000000071
54,530048932,2,32,0.3,0.08779999999999849
54,530048932,2,32,0.5,0.08529999999999877
54,530048932,2,64,0.0,0.03225000000000041
54,530048932,2,64,0.1,0.06270000000000125
54,530048932,2,64,0.3,0.08779999999999849
54,530048932,2,64,0.5,0.09999999999999715
54,530048932,4,64,0.0,0.021500000000000102
54,530048932,4,64,0.1,0.037250000000000554
54,530048932,4,64,0.3,0.07015000000000043
54,530048932,4,64,0.5,0.058900000000001174
54,530048932,8,4,0.0,0.021500000000000102
54,530048932,8,4,0.1,0.025150000000000207
54,530048932,8,4,0.3,0.0248500000000002
54,530048932,8,4,0.5,0.029350000000000327
55,540048933,1,4,0.0,0.021500000000000102
55,540048933,1,4,0.1,0.03670000000000054
55,540048933,1,4,0.3,0.06480000000000102
55,540048933,1,4,0.5,0.10924999999999613
55,540048933,1,8,0.0,0.021500000000000102
55,540048933,1,8,0.1,0.03670000000000054
55,540048933,1,8,0.3,0.07120000000000032
55,540048933,1,8,0.5,0.10924999999999613
55,540048933,2,8,0.0,0.021500000000000102
55,540048933,2,8,0.1,0.050200000000000924
55,540048933,2,8,0.3,0.045350000000000786
55,540048933,2,8,0.5,0.054400000000001045
55,540048933,2,16,0.0,0.021500000000000102
55,540048933,2,16,0.1,0.050200000000000924
55,540048933,2,16,0.3,0.045350000000000786
55,540048933,2,16,0.5,0.05520000000000107
55,540048933,4,4,0.0,0.021500000000000102
55,540048933,4,4,0.1,0.025150000000000207
55,540048933,4,4,0.3,0.031700000000000395
55,540048933,4,4,0.5,0.039750000000000625
55,540048933,4,8,0.0,0.021500000000000102
55,540048933,4,8,0.1,0.029700000000000337
55,540048933,4,8,0.3,0.03600000000000052
55,540048933,4,8,0.5,0.05080000000000094
55,540048933,1,64,0.0,0.04295000000000072
55,540048933,1,64,0.1,0.09809999999999736
55,540048933,1,64,0.3,0.10709999999999636
55,540048933,1,64,0.5,0.15019999999999162
55,540048933,2,4,0.0,0.021500000000000102
55,540048933,2,4,0.1,0.032450000000000416
55,540048933,2,4,0.3,0.045350000000000786
55,540048933,2,4,0.5,0.05135000000000096
55,540048933,1,16,0.0,0.021500000000000102
55,540048933,1,16,0.1,0.03670000000000054
55,540048933,1,16,0.3,0.07989999999999936
55,540048933,1,16,0.5,0.11024999999999602
55,540048933,1,32,0.0,0.04295000000000072
55,540048933,1,32,0.1,0.06695000000000079
55,540048933,1,32,0.3,0.10709999999999636
55,540048933,1,32,0.5,0.13739999999999303
55,540048933,4,16,0.0,0.021500000000000102
55,540048933,4,16,0.1,0.029700000000000337
55,540048933,4,16,0.3,0.03715000000000055
55,540048933,4,16,0.5,0.05080000000000094
55,540048933,4,32,0.0,0.021500000000000102
55,540048933,4,32,0.1,0.029700000000000337
55,540048933,4,32,0.3,0.05175000000000097
55,540048933,4,32,0.5,0.05080000000000094
54,530048932,8,32,0.0,0.021500000000000102
54,530048932,8,32,0.1,0.03480000000000048
54,530048932,8,32,0.3,0.035950000000000516
54,530048932,8,32,0.5,0.043550000000000734
54,530048932,8,64,0.0,0.021500000000000102
54,530048932,8,64,0.1,0.03500000000000049
54,530048932,8,64,0.3,0.040800000000000655
54,530048932,8,64,0.5,0.04385000000000074
55,540048933,8,8,0.0,0.021500000000000102
55,540048933,8,8,0.1,0.023950000000000173
55,540048933,8,8,0.3,0.03050000000000036
55,540048933,8,8,0.5,0.03475000000000048
55,540048933,8,16,0.0,0.021500000000000102
55,540048933,8,16,0.1,0.03080000000000037
55,540048933,8,16,0.3,0.03050000000000036
55,540048933,8,16,0.5,0.03475000000000048
55,540048933,2,32,0.0,0.021500000000000102
55,540048933,2,32,0.1,0.050200000000000924
55,540048933,2,32,0.3,0.05775000000000114
55,540048933,2,32,0.5,0.06045000000000122
55,540048933,2,64,0.0,0.04295000000000072
55,540048933,2,64,0.1,0.05240000000000099
55,540048933,2,64,0.3,0.07579999999999981
55,540048933,2,64,0.5,0.08789999999999848
55,540048933,4,64,0.0,0.03225000000000041
55,540048933,4,64,0.1,0.033800000000000455
55,540048933,4,64,0.3,0.06155000000000125
55,540048933,4,64,0.5,0.05745000000000113
55,540048933,8,4,0.0,0.021500000000000102
55,540048933,8,4,0.1,0.022000000000000117
55,540048933,8,4,0.3,0.025100000000000205
55,540048933,8,4,0.5,0.030350000000000356
56,550048934,4,4,0.0,0.021500000000000102
56,550048934,4,4,0.1,0.024750000000000195
56,550048934,4,4,0.3,0.045650000000000794
56,550048934,4,4,0.5,0.030400000000000357
56,550048934,4,8,0.0,0.021500000000000102
56,550048934,4,8,0.1,0.024750000000000195
56,550048934,4,8,0.3,0.045650000000000794
56,550048934,4,8,0.5,0.0353500000000005
56,550048934,1,4,0.0,0.021500000000000102
56,550048934,1,4,0.1,0.04860000000000088
56,550048934,1,4,0.3,0.09644999999999754
56,550048934,1,4,0.5,0.0904499999999982
56,550048934,1,8,0.0,0.021500000000000102
56,550048934,1,8,0.1,0.05740000000000113
56,550048934,1,8,0.3,0.09644999999999754
56,550048934,1,8,0.5,0.08744999999999853
56,550048934,2,8,0.0,0.021500000000000102
56,550048934,2,8,0.1,0.033850000000000456
56,550048934,2,8,0.3,0.053750000000001026
56,550048934,2,8,0.5,0.054450000000001046
56,550048934,2,16,0.0,0.021500000000000102
56,550048934,2,16,0.1,0.0389500000000006
56,550048934,2,16,0.3,0.053750000000001026
56,550048934,2,16,0.5,0.054450000000001046
56,550048934,1,64,0.0,0.04295000000000072
56,550048934,1,64,0.1,0.06880000000000058
56,550048934,1,64,0.3,0.12639999999999424
56,550048934,1,64,0.5,0.12629999999999425
56,550048934,2,4,0.0,0.021500000000000102
56,550048934,2,4,0.1,0.033850000000000456
56,550048934,2,4,0.3,0.053750000000001026
56,550048934,2,4,0.5,0.04860000000000088
56,550048934,1,16,0.0,0.021500000000000102
56,550048934,1,16,0.1,0.05740000000000113
56,550048934,1,16,0.3,0.09644999999999754
56,550048934,1,16,0.5,0.09124999999999811
56,550048934,1,32,0.0,0.04295000000000072
56,550048934,1,32,0.1,0.06670000000000081
56,550048934,1,32,0.3,0.10449999999999665
56,550048934,1,32,0.5,0.12629999999999425
55,540048933,8,32,0.0,0.021500000000000102
55,540048933,8,32,0.1,0.03080000000000037
55,540048933,8,32,0.3,0.033800000000000455
55,540048933,8,32,0.5,0.03475000000000048
55,540048933,8,64,0.0,0.021500000000000102
55,540048933,8,64,0.1,0.03080000000000037
55,540048933,8,64,0.3,0.042550000000000705
55,540048933,8,64,0.5,0.04825000000000087
56,550048934,8,8,0.0,0.021500000000000102
56,550048934,8,8,0.1,0.0249000000000002
56,550048934,8,8,0.3,0.03615000000000052
56,550048934,8,8,0.5,0.028550000000000304
56,550048934,8,16,0.0,0.021500000000000102
56,550048934,8,16,0.1,0.0249000000000002
56,550048934,8,16,0.3,0.038700000000000595
56,550048934,8,16,0.5,0.05385000000000103
56,550048934,4,16,0.0,0.021500000000000102
56,550048934,4,16,0.1,0.024750000000000195
56,550048934,4,16,0.3,0.0695000000000005
56,550048934,4,16,0.5,0.05675000000000111
56,550048934,4,32,0.0,0.026850000000000256
56,550048934,4,32,0.1,0.03780000000000057
56,550048934,4,32,0.3,0.07714999999999966
56,550048934,4,32,0.5,0.05675000000000111
56,550048934,2,32,0.0,0.04295000000000072
56,550048934,2,32,0.1,0.04295000000000072
56,550048934,2,32,0.3,0.083149999999999
56,550048934,2,32,0.5,0.09754999999999742
56,550048934,2,64,0.0,0.04295000000000072
56,550048934,2,64,0.1,0.05775000000000114
56,550048934,2,64,0.3,0.10189999999999694
56,550048934,2,64,0.5,0.09754999999999742
56,550048934,4,64,0.0,0.026850000000000256
56,550048934,4,64,0.1,0.03780000000000057
56,550048934,4,64,0.3,0.08554999999999874
56,550048934,4,64,0.5,0.06295000000000123
56,550048934,8,4,0.0,0.021500000000000102
56,550048934,8,4,0.1,0.0249000000000002
56,550048934,8,4,0.3,0.03615000000000052
56,550048934,8,4,0.5,0.027100000000000263
57,560048935,1,4,0.0,0.021500000000000102
57,560048935,1,4,0.1,0.021500000000000102
57,560048935,1,4,0.3,0.07090000000000035
57,560048935,1,4,0.5,0.08359999999999895
57,560048935,1,8,0.0,0.021500000000000102
57,560048935,1,8,0.1,0.022050000000000118
57,560048935,1,8,0.3,0.08784999999999848
57,560048935,1,8,0.5,0.08359999999999895
57,560048935,1,16,0.0,0.021500000000000102
57,560048935,1,16,0.1,0.06485000000000102
57,560048935,1,16,0.3,0.1040499999999967
57,560048935,1,16,0.5,0.08479999999999882
57,560048935,1,32,0.0,0.04295000000000072
57,560048935,1,32,0.1,0.10359999999999675
57,560048935,1,32,0.3,0.1040499999999967
57,560048935,1,32,0.5,0.10324999999999679
57,560048935,2,8,0.0,0.021500000000000102
57,560048935,2,8,0.1,0.0354000000000005
57,560048935,2,8,0.3,0.07325000000000009
57,560048935,2,8,0.5,0.0599000000000012
57,560048935,2,16,0.0,0.021500000000000102
57,560048935,2,16,0.1,0.04170000000000068
57,560048935,2,16,0.3,0.07325000000000009
57,560048935,2,16,0.5,0.06565000000000093
57,560048935,4,4,0.0,0.021500000000000102
57,560048935,4,4,0.1,0.038050000000000576
57,560048935,4,4,0.3,0.03150000000000039
57,560048935,4,4,0.5,0.0597000000000012
57,560048935,4,8,0.0,0.021500000000000102
57,560048935,4,8,0.1,0.050550000000000934
57,560048935,4,8,0.3,0.039400000000000615
57,560048935,4,8,0.5,0.0597000000000012
57,560048935,1,64,0.0,0.04295000000000072
57,560048935,1,64,0.1,0.10359999999999675
57,560048935,1,64,0.3,0.1303999999999938
57,560048935,1,64,0.5,0.1721999999999892
57,560048935,2,4,0.0,0.021500000000000102
57,560048935,2,4,0.1,0.02520000000000021
57,560048935,2,4,0.3,0.04175000000000068
57,560048935,2,4,0.5,0.04905000000000089
57,560048935,4,16,0.0,0.021500000000000102
57,560048935,4,16,0.1,0.050550000000000934
57,560048935,4,16,0.3,0.039400000000000615
57,560048935,4,16,0.5,0.0597000000000012
57,560048935,4,32,0.0,0.021500000000000102
57,560048935,4,32,0.1,0.050550000000000934
57,560048935,4,32,0.3,0.04020000000000064
57,560048935,4,32,0.5,0.0597000000000012
57,560048935,2,32,0.0,0.021500000000000102
57,560048935,2,32,0.1,0.04840000000000087
57,560048935,2,32,0.3,0.07325000000000009
57,560048935,2,32,0.5,0.06565000000000093
57,560048935,2,64,0.0,0.03225000000000041
57,560048935,2,64,0.1,0.06660000000000083
57,560048935,2,64,0.3,0.09549999999999764
57,560048935,2,64,0.5,0.08569999999999872
57,560048935,8,8,0.0,0.021500000000000102
57,560048935,8,8,0.1,0.02905000000000032
57,560048935,8,8,0.3,0.03650000000000053
57,560048935,8,8,0.5,0.03580000000000051
57,560048935,8,16,0.0,0.021500000000000102
57,560048935,8,16,0.1,0.02905000000000032
57,560048935,8,16,0.3,0.03650000000000053
57,560048935,8,16,0.5,0.033150000000000436
56,550048934,8,32,0.0,0.021500000000000102
56,550048934,8,32,0.1,0.031750000000000396
56,550048934,8,32,0.3,0.046350000000000814
56,550048934,8,32,0.5,0.05385000000000103
56,550048934,8,64,0.0,0.021500000000000102
56,550048934,8,64,0.1,0.032400000000000415
56,550048934,8,64,0.3,0.04690000000000083
56,550048934,8,64,0.5,0.055450000000001075
57,560048935,4,64,0.0,0.021500000000000102
57,560048935,4,64,0.1,0.056850000000001115
57,560048935,4,64,0.3,0.060000000000001205
57,560048935,4,64,0.5,0.06605000000000089
57,560048935,8,4,0.0,0.021500000000000102
57,560048935,8,4,0.1,0.0249000000000002
57,560048935,8,4,0.3,0.025750000000000224
57,560048935,8,4,0.5,0.033150000000000436
58,570048936,1,4,0.0,0.021500000000000102
58,570048936,1,4,0.1,0.021500000000000102
58,570048936,1,4,0.3,0.045300000000000784
58,570048936,1,4,0.5,0.1131499999999957
58,570048936,1,8,0.0,0.021500000000000102
58,570048936,1,8,0.1,0.05575000000000108
58,570048936,1,8,0.3,0.05460000000000105
58,570048936,1,8,0.5,0.1131499999999957
58,570048936,4,4,0.0,0.021500000000000102
58,570048936,4,4,0.1,0.022300000000000125
58,570048936,4,4,0.3,0.026800000000000254
58,570048936,4,4,0.5,0.03445000000000047
58,570048936,4,8,0.0,0.021500000000000102
58,570048936,4,8,0.1,0.033150000000000436
58,570048936,4,8,0.3,0.027550000000000276
58,570048936,4,8,0.5,0.04755000000000085
58,570048936,2,8,0.0,0.021500000000000102
58,570048936,2,8,0.1,0.04665000000000082
58,570048936,2,8,0.3,0.04335000000000073
58,570048936,2,8,0.5,0.0813999999999992
58,570048936,2,16,0.0,0.021500000000000102
58,570048936,2,16,0.1,0.04665000000000082
58,570048936,2,16,0.3,0.09199999999999803
58,570048936,2,16,0.5,0.0813999999999992
58,570048936,1,64,0.0,0.04295000000000072
58,570048936,1,64,0.1,0.07355000000000006
58,570048936,1,64,0.3,0.12999999999999384
58,570048936,1,64,0.5,0.11749999999999522
58,570048936,2,4,0.0,0.021500000000000102
58,570048936,2,4,0.1,0.024750000000000195
58,570048936,2,4,0.3,0.04335000000000073
58,570048936,2,4,0.5,0.053350000000001015
58,570048936,4,16,0.0,0.021500000000000102
58,570048936,4,16,0.1,0.033150000000000436
58,570048936,4,16,0.3,0.07150000000000029
58,570048936,4,16,0.5,0.04900000000000089
58,570048936,4,32,0.0,0.021500000000000102
58,570048936,4,32,0.1,0.033150000000000436
58,570048936,4,32,0.3,0.07150000000000029
58,570048936,4,32,0.5,0.049550000000000906
58,570048936,1,16,0.0,0.021500000000000102
58,570048936,1,16,0.1,0.07015000000000043
58,570048936,1,16,0.3,0.09799999999999737
58,570048936,1,16,0.5,0.1131499999999957
58,570048936,1,32,0.0,0.021500000000000102
58,570048936,1,32,0.1,0.07015000000000043
58,570048936,1,32,0.3,0.09799999999999737
58,570048936,1,32,0.5,0.11749999999999522
58,570048936,8,8,0.0,0.021500000000000102
58,570048936,8,8,0.1,0.029000000000000317
58,570048936,8,8,0.3,0.02775000000000028
58,570048936,8,8,0.5,0.0389000000000006
58,570048936,8,16,0.0,0.021500000000000102
58,570048936,8,16,0.1,0.029000000000000317
58,570048936,8,16,0.3,0.0493500000000009
58,570048936,8,16,0.5,0.03925000000000061
57,560048935,8,32,0.0,0.021500000000000102
57,560048935,8,32,0.1,0.03010000000000035
57,560048935,8,32,0.3,0.03855000000000059
57,560048935,8,32,0.5,0.042900000000000715
57,560048935,8,64,0.0,0.02420000000000018
57,560048935,8,64,0.1,0.05320000000000101
57,560048935,8,64,0.3,0.050900000000000944
57,560048935,8,64,0.5,0.04485000000000077
58,570048936,4,64,0.0,0.026850000000000256
58,570048936,4,64,0.1,0.036900000000000543
58,570048936,4,64,0.3,0.0859499999999987
58,570048936,4,64,0.5,0.07120000000000032
58,570048936,8,4,0.0,0.021500000000000102
58,570048936,8,4,0.1,0.022000000000000117
58,570048936,8,4,0.3,0.0249500000000002
58,570048936,8,4,0.5,0.028500000000000303
58,570048936,2,32,0.0,0.021500000000000102
58,570048936,2,32,0.1,0.04665000000000082
58,570048936,2,32,0.3,0.09199999999999803
58,570048936,2,32,0.5,0.09019999999999823
58,570048936,2,64,0.0,0.04295000000000072
58,570048936,2,64,0.1,0.07060000000000038
58,570048936,2,64,0.3,0.11354999999999565
58,570048936,2,64,0.5,0.11634999999999535
59,580048937,4,4,0.0,0.021500000000000102
59,580048937,4,4,0.1,0.024100000000000177
59,580048937,4,4,0.3,0.02735000000000027
59,580048937,4,4,0.5,0.04450000000000076
59,580048937,4,8,0.0,0.021500000000000102
59,580048937,4,8,0.1,0.02555000000000022
59,580048937,4,8,0.3,0.03500000000000049
59,580048937,4,8,0.5,0.03390000000000046
59,580048937,2,8,0.0,0.021500000000000102
59,580048937,2,8,0.1,0.035250000000000496
59,580048937,2,8,0.3,0.06295000000000123
59,580048937,2,8,0.5,0.04995000000000092
59,580048937,2,16,0.0,0.021500000000000102
59,580048937,2,16,0.1,0.035250000000000496
59,580048937,2,16,0.3,0.05010000000000092
59,580048937,2,16,0.5,0.07060000000000038
59,580048937,1,4,0.0,0.021500000000000102
59,580048937,1,4,0.1,0.021500000000000102
59,580048937,1,4,0.3,0.06225000000000127
59,580048937,1,4,0.5,0.11319999999999569
59,580048937,1,8,0.0,0.021500000000000102
59,580048937,1,8,0.1,0.04380000000000074
59,580048937,1,8,0.3,0.10159999999999697
59,580048937,1,8,0.5,0.11319999999999569
59,580048937,1,64,0.0,0.04295000000000072
59,580048937,1,64,0.1,0.0958499999999976
59,580048937,1,64,0.3,0.10159999999999697
59,580048937,1,64,0.5,0.11319999999999569
59,580048937,2,4,0.0,0.021500000000000102
59,580048937,2,4,0.1,0.03500000000000049
59,580048937,2,4,0.3,0.0424500000000007
59,580048937,2,4,0.5,0.050900000000000944
59,580048937,1,16,0.0,0.021500000000000102
59,580048937,1,16,0.1,0.05590000000000109
59,580048937,1,16,0.3,0.10159999999999697
59,580048937,1,16,0.5,0.11319999999999569
59,580048937,1,32,0.0,0.04295000000000072
59,580048937,1,32,0.1,0.0958499999999976
59,580048937,1,32,0.3,0.10159999999999697
59,580048937,1,32,0.5,0.11319999999999569
59,580048937,4,16,0.0,0.021500000000000102
59,580048937,4,16,0.1,0.02735000000000027
59,580048937,4,16,0.3,0.03120000000000038
59,580048937,4,16,0.5,0.04030000000000064
59,580048937,4,32,0.0,0.021500000000000102
59,580048937,4,32,0.1,0.0284500000000003
59,580048937,4,32,0.3,0.04085000000000066
59,580048937,4,32,0.5,0.05595000000000109
59,580048937,8,8,0.0,0.021500000000000102
59,580048937,8,8,0.1,0.02870000000000031
59,580048937,8,8,0.3,0.029900000000000343
59,580048937,8,8,0.5,0.032450000000000416
59,580048937,8,16,0.0,0.021500000000000102
59,580048937,8,16,0.1,0.02870000000000031
59,580048937,8,16,0.3,0.03220000000000041
59,580048937,8,16,0.5,0.03395000000000046
59,580048937,2,32,0.0,0.021500000000000102
59,580048937,2,32,0.1,0.042500000000000704
59,580048937,2,32,0.3,0.05010000000000092
59,580048937,2,32,0.5,0.07150000000000029
59,580048937,2,64,0.0,0.03225000000000041
59,580048937,2,64,0.1,0.05390000000000103
59,580048937,2,64,0.3,0.07270000000000015
59,580048937,2,64,0.5,0.0804999999999993
58,570048936,8,32,0.0,0.021500000000000102
58,570048936,8,32,0.1,0.029000000000000317
58,570048936,8,32,0.3,0.0493500000000009
58,570048936,8,32,0.5,0.0389000000000006
58,570048936,8,64,0.0,0.021500000000000102
58,570048936,8,64,0.1,0.034200000000000466
58,570048936,8,64,0.3,0.05770000000000114
58,570048936,8,64,0.5,0.04520000000000078
59,580048937,4,64,0.0,0.026850000000000256
59,580048937,4,64,0.1,0.03810000000000058
59,580048937,4,64,0.3,0.0459000000000008
59,580048937,4,64,0.5,0.07419999999999999
59,580048937,8,4,0.0,0.021500000000000102
59,580048937,8,4,0.1,0.0284500000000003
59,580048937,8,4,0.3,0.029900000000000343
59,580048937,8,4,0.5,0.030050000000000347
60,590048938,1,4,0.0,0.021500000000000102
60,590048938,1,4,0.1,0.044300000000000755
60,590048938,1,4,0.3,0.07439999999999997
60,590048938,1,4,0.5,0.09029999999999822
60,590048938,1,8,0.0,0.021500000000000102
60,590048938,1,8,0.1,0.04870000000000088
60,590048938,1,8,0.3,0.07759999999999961
60,590048938,1,8,0.5,0.10664999999999641
60,590048938,2,8,0.0,0.021500000000000102
60,590048938,2,8,0.1,0.04870000000000088
60,590048938,2,8,0.3,0.052350000000000986
60,590048938,2,8,0.5,0.05330000000000101
60,590048938,2,16,0.0,0.021500000000000102
60,590048938,2,16,0.1,0.0492500000000009
60,590048938,2,16,0.3,0.060650000000001224
60,590048938,2,16,0.5,0.06180000000000126
60,590048938,4,4,0.0,0.021500000000000102
60,590048938,4,4,0.1,0.027850000000000284
60,590048938,4,4,0.3,0.03920000000000061
60,590048938,4,4,0.5,0.03120000000000038
60,590048938,4,8,0.0,0.021500000000000102
60,590048938,4,8,0.1,0.03375000000000045
60,590048938,4,8,0.3,0.03920000000000061
60,590048938,4,8,0.5,0.03165000000000039
60,590048938,1,16,0.0,0.04295000000000072
60,590048938,1,16,0.1,0.08804999999999846
60,590048938,1,16,0.3,0.0803999999999993
60,590048938,1,16,0.5,0.12839999999999402
60,590048938,1,32,0.0,0.04295000000000072
60,590048938,1,32,0.1,0.08804999999999846
60,590048938,1,32,0.3,0.10279999999999684
60,590048938,1,32,0.5,0.12839999999999402
60,590048938,1,64,0.0,0.04295000000000072
60,590048938,1,64,0.1,0.10524999999999657
60,590048938,1,64,0.3,0.11539999999999545
60,590048938,1,64,0.5,0.15284999999999133
60,590048938,2,4,0.0,0.021500000000000102
60,590048938,2,4,0.1,0.029600000000000334
60,590048938,2,4,0.3,0.04300000000000072
60,590048938,2,4,0.5,0.0457500000000008
60,590048938,4,16,0.0,0.021500000000000102
60,590048938,4,16,0.1,0.039050000000000605
60,590048938,4,16,0.3,0.042900000000000715
60,590048938,4,16,0.5,0.03990000000000063
60,590048938,4,32,0.0,0.021500000000000102
60,590048938,4,32,0.1,0.0423500000000007
60,590048938,4,32,0.3,0.042900000000000715
60,590048938,4,32,0.5,0.055450000000001075
59,580048937,8,32,0.0,0.021500000000000102
59,580048937,8,32,0.1,0.02870000000000031
59,580048937,8,32,0.3,0.03335000000000044
59,580048937,8,32,0.5,0.03395000000000046
59,580048937,8,64,0.0,0.021500000000000102
59,580048937,8,64,0.1,0.03855000000000059
59,580048937,8,64,0.3,0.04105000000000066
59,580048937,8,64,0.5,0.04980000000000091
60,590048938,2,32,0.0,0.021500000000000102
60,590048938,2,32,0.1,0.0492500000000009
60,590048938,2,32,0.3,0.060650000000001224
60,590048938,2,32,0.5,0.08004999999999934
60,590048938,2,64,0.0,0.03225000000000041
60,590048938,2,64,0.1,0.07474999999999993
60,590048938,2,64,0.3,0.07030000000000042
60,590048938,2,64,0.5,0.10554999999999654
60,590048938,8,8,0.0,0.021500000000000102
60,590048938,8,8,0.1,0.02455000000000019
60,590048938,8,8,0.3,0.039400000000000615
60,590048938,8,8,0.5,0.03680000000000054
60,590048938,8,16,0.0,0.021500000000000102
60,590048938,8,16,0.1,0.029000000000000317
60,590048938,8,16,0.3,0.039400000000000615
60,590048938,8,16,0.5,0.03680000000000054
60,590048938,4,64,0.0,0.021500000000000102
60,590048938,4,64,0.1,0.045000000000000775
60,590048938,4,64,0.3,0.048850000000000886
60,590048938,4,64,0.5,0.06395000000000112
60,590048938,8,4,0.0,0.021500000000000102
60,590048938,8,4,0.1,0.02455000000000019
60,590048938,8,4,0.3,0.039400000000000615
60,590048938,8,4,0.5,0.02875000000000031
61,600048939,1,4,0.0,0.021500000000000102
61,600048939,1,4,0.1,0.07115000000000032
61,600048939,1,4,0.3,0.08184999999999915
61,600048939,1,4,0.5,0.09644999999999754
61,600048939,1,8,0.0,0.021500000000000102
61,600048939,1,8,0.1,0.06180000000000126
61,600048939,1,8,0.3,0.09384999999999782
61,600048939,1,8,0.5,0.09729999999999744
61,600048939,4,4,0.0,0.021500000000000102
61,600048939,4,4,0.1,0.04060000000000065
61,600048939,4,4,0.3,0.03085000000000037
61,600048939,4,4,0.5,0.04310000000000072
61,600048939,4,8,0.0,0.021500000000000102
61,600048939,4,8,0.1,0.04060000000000065
61,600048939,4,8,0.3,0.04275000000000071
61,600048939,4,8,0.5,0.051650000000000966
61,600048939,2,8,0.0,0.021500000000000102
61,600048939,2,8,0.1,0.0457500000000008
61,600048939,2,8,0.3,0.048500000000000876
61,600048939,2,8,0.5,0.05425000000000104
61,600048939,2,16,0.0,0.021500000000000102
61,600048939,2,16,0.1,0.05605000000000109
61,600048939,2,16,0.3,0.0598500000000012
61,600048939,2,16,0.5,0.07075000000000037
61,600048939,1,16,0.0,0.021500000000000102
61,600048939,1,16,0.1,0.05245000000000099
61,600048939,1,16,0.3,0.08184999999999915
61,600048939,1,16,0.5,0.10834999999999623
61,600048939,1,32,0.0,0.021500000000000102
61,600048939,1,32,0.1,0.05215000000000098
61,600048939,1,32,0.3,0.08184999999999915
61,600048939,1,32,0.5,0.10834999999999623
61,600048939,1,64,0.0,0.04295000000000072
61,600048939,1,64,0.1,0.09539999999999765
61,600048939,1,64,0.3,0.13074999999999376
61,600048939,1,64,0.5,0.13799999999999296
61,600048939,2,4,0.0,0.021500000000000102
61,600048939,2,4,0.1,0.037000000000000546
61,600048939,2,4,0.3,0.04620000000000081
61,600048939,2,4,0.5,0.05425000000000104
61,600048939,4,16,0.0,0.021500000000000102
61,600048939,4,16,0.1,0.04060000000000065
61,600048939,4,16,0.3,0.04170000000000068
61,600048939,4,16,0.5,0.05485000000000106
61,600048939,4,32,0.0,0.021500000000000102
61,600048939,4,32,0.1,0.04060000000000065
61,600048939,4,32,0.3,0.04170000000000068
61,600048939,4,32,0.5,0.07654999999999973
61,600048939,8,8,0.0,0.021500000000000102
61,600048939,8,8,0.1,0.02875000000000031
61,600048939,8,8,0.3,0.035200000000000495
61,600048939,8,8,0.5,0.033800000000000455
61,600048939,8,16,0.0,0.021500000000000102
61,600048939,8,16,0.1,0.02875000000000031
61,600048939,8,16,0.3,0.035200000000000495
61,600048939,8,16,0.5,0.03580000000000051
60,590048938,8,32,0.0,0.021500000000000102
60,590048938,8,32,0.1,0.03235000000000041
60,590048938,8,32,0.3,0.039400000000000615
60,590048938,8,32,0.5,0.039700000000000624
60,590048938,8,64,0.0,0.021500000000000102
60,590048938,8,64,0.1,0.03235000000000041
60,590048938,8,64,0.3,0.040400000000000644
60,590048938,8,64,0.5,0.039700000000000624
61,600048939,2,32,0.0,0.021500000000000102
61,600048939,2,32,0.1,0.05085000000000094
61,600048939,2,32,0.3,0.08054999999999929
61,600048939,2,32,0.5,0.06640000000000085
61,600048939,2,64,0.0,0.021500000000000102
61,600048939,2,64,0.1,0.05180000000000097
61,600048939,2,64,0.3,0.08629999999999866
61,600048939,2,64,0.5,0.09109999999999813
62,610048940,1,4,0.0,0.021500000000000102
62,610048940,1,4,0.1,0.021500000000000102
62,610048940,1,4,0.3,0.08744999999999853
62,610048940,1,4,0.5,0.06300000000000122
62,610048940,1,8,0.0,0.021500000000000102
62,610048940,1,8,0.1,0.03705000000000055
62,610048940,1,8,0.3,0.08744999999999853
62,610048940,1,8,0.5,0.08834999999999843
61,600048939,4,64,0.0,0.021500000000000102
61,600048939,4,64,0.1,0.04620000000000081
61,600048939,4,64,0.3,0.05010000000000092
61,600048939,4,64,0.5,0.09109999999999813
61,600048939,8,4,0.0,0.021500000000000102
61,600048939,8,4,0.1,0.02875000000000031
61,600048939,8,4,0.3,0.035200000000000495
61,600048939,8,4,0.5,0.033800000000000455
62,610048940,4,4,0.0,0.021500000000000102
62,610048940,4,4,0.1,0.023650000000000164
62,610048940,4,4,0.3,0.02940000000000033
62,610048940,4,4,0.5,0.02880000000000031
62,610048940,4,8,0.0,0.021500000000000102
62,610048940,4,8,0.1,0.027150000000000264
62,610048940,4,8,0.3,0.04370000000000074
62,610048940,4,8,0.5,0.035600000000000506
62,610048940,2,8,0.0,0.021500000000000102
62,610048940,2,8,0.1,0.028650000000000307
62,610048940,2,8,0.3,0.04440000000000076
62,610048940,2,8,0.5,0.04515000000000078
62,610048940,2,16,0.0,0.021500000000000102
62,610048940,2,16,0.1,0.034900000000000486
62,610048940,2,16,0.3,0.07195000000000024
62,610048940,2,16,0.5,0.08544999999999875
62,610048940,1,16,0.0,0.021500000000000102
62,610048940,1,16,0.1,0.0640500000000011
62,610048940,1,16,0.3,0.08744999999999853
62,610048940,1,16,0.5,0.09804999999999736
62,610048940,1,32,0.0,0.021500000000000102
62,610048940,1,32,0.1,0.09004999999999824
62,610048940,1,32,0.3,0.0958499999999976
62,610048940,1,32,0.5,0.11084999999999595
62,610048940,1,64,0.0,0.04295000000000072
62,610048940,1,64,0.1,0.09004999999999824
62,610048940,1,64,0.3,0.11204999999999582
62,610048940,1,64,0.5,0.13709999999999306
62,610048940,2,4,0.0,0.021500000000000102
62,610048940,2,4,0.1,0.02420000000000018
62,610048940,2,4,0.3,0.04440000000000076
62,610048940,2,4,0.5,0.0388500000000006
62,610048940,8,8,0.0,0.021500000000000102
62,610048940,8,8,0.1,0.02415000000000018
62,610048940,8,8,0.3,0.027600000000000277
62,610048940,8,8,0.5,0.03015000000000035
62,610048940,8,16,0.0,0.021500000000000102
62,610048940,8,16,0.1,0.02415000000000018
62,610048940,8,16,0.3,0.03220000000000041
62,610048940,8,16,0.5,0.033450000000000445
62,610048940,4,16,0.0,0.021500000000000102
62,610048940,4,16,0.1,0.027150000000000264
62,610048940,4,16,0.3,0.052000000000000976
62,610048940,4,16,0.5,0.0597000000000012
62,610048940,4,32,0.0,0.021500000000000102
62,610048940,4,32,0.1,0.03655000000000053
62,610048940,4,32,0.3,0.052000000000000976
62,610048940,4,32,0.5,0.0631500000000012
62,610048940,2,32,0.0,0.021500000000000102
62,610048940,2,32,0.1,0.04680000000000083
62,610048940,2,32,0.3,0.07195000000000024
62,610048940,2,32,0.5,0.08544999999999875
62,610048940,2,64,0.0,0.021500000000000102
62,610048940,2,64,0.1,0.04680000000000083
62,610048940,2,64,0.3,0.07195000000000024
62,610048940,2,64,0.5,0.09549999999999764
61,600048939,8,32,0.0,0.021500000000000102
61,600048939,8,32,0.1,0.030000000000000346
61,600048939,8,32,0.3,0.035200000000000495
61,600048939,8,32,0.5,0.044950000000000774
61,600048939,8,64,0.0,0.021500000000000102
61,600048939,8,64,0.1,0.05120000000000095
61,600048939,8,64,0.3,0.035250000000000496
61,600048939,8,64,0.5,0.05120000000000095
62,610048940,4,64,0.0,0.021500000000000102
62,610048940,4,64,0.1,0.03655000000000053
62,610048940,4,64,0.3,0.052000000000000976
62,610048940,4,64,0.5,0.0631500000000012
62,610048940,8,4,0.0,0.021500000000000102
62,610048940,8,4,0.1,0.02180000000000011
62,610048940,8,4,0.3,0.02740000000000027
62,610048940,8,4,0.5,0.025750000000000224
63,620048941,1,4,0.0,0.021500000000000102
63,620048941,1,4,0.1,0.022050000000000118
63,620048941,1,4,0.3,0.09194999999999803
63,620048941,1,4,0.5,0.1049499999999966
63,620048941,1,8,0.0,0.021500000000000102
63,620048941,1,8,0.1,0.022050000000000118
63,620048941,1,8,0.3,0.08204999999999912
63,620048941,1,8,0.5,0.11479999999999552
63,620048941,4,4,0.0,0.021500000000000102
63,620048941,4,4,0.1,0.023750000000000167
63,620048941,4,4,0.3,0.04755000000000085
63,620048941,4,4,0.5,0.045300000000000784
63,620048941,4,8,0.0,0.021500000000000102
63,620048941,4,8,0.1,0.02555000000000022
63,620048941,4,8,0.3,0.04755000000000085
63,620048941,4,8,0.5,0.045300000000000784
63,620048941,2,8,0.0,0.021500000000000102
63,620048941,2,8,0.1,0.03330000000000044
63,620048941,2,8,0.3,0.08204999999999912
63,620048941,2,8,0.5,0.08779999999999849
63,620048941,2,16,0.0,0.021500000000000102
63,620048941,2,16,0.1,0.03330000000000044
63,620048941,2,16,0.3,0.08204999999999912
63,620048941,2,16,0.5,0.08779999999999849
63,620048941,1,16,0.0,0.021500000000000102
63,620048941,1,16,0.1,0.04095000000000066
63,620048941,1,16,0.3,0.08204999999999912
63,620048941,1,16,0.5,0.11479999999999552
63,620048941,1,32,0.0,0.021500000000000102
63,620048941,1,32,0.1,0.0564000000000011
63,620048941,1,32,0.3,0.10534999999999656
63,620048941,1,32,0.5,0.11479999999999552
63,620048941,1,64,0.0,0.04295000000000072
63,620048941,1,64,0.1,0.0696000000000005
63,620048941,1,64,0.3,0.12079999999999486
63,620048941,1,64,0.5,0.128449999999994
63,620048941,2,4,0.0,0.021500000000000102
63,620048941,2,4,0.1,0.027800000000000283
63,620048941,2,4,0.3,0.08204999999999912
63,620048941,2,4,0.5,0.08779999999999849
63,620048941,4,16,0.0,0.021500000000000102
63,620048941,4,16,0.1,0.02940000000000033
63,620048941,4,16,0.3,0.04755000000000085
63,620048941,4,16,0.5,0.048800000000000884
63,620048941,4,32,0.0,0.021500000000000102
63,620048941,4,32,0.1,0.03480000000000048
63,620048941,4,32,0.3,0.04755000000000085
63,620048941,4,32,0.5,0.048800000000000884
63,620048941,8,8,0.0,0.021500000000000102
63,620048941,8,8,0.1,0.024800000000000197
63,620048941,8,8,0.3,0.03370000000000045
63,620048941,8,8,0.5,0.031050000000000376
63,620048941,8,16,0.0,0.021500000000000102
63,620048941,8,16,0.1,0.028150000000000293
63,620048941,8,16,0.3,0.03370000000000045
63,620048941,8,16,0.5,0.0320000000000004
62,610048940,8,32,0.0,0.021500000000000102
62,610048940,8,32,0.1,0.027800000000000283
62,610048940,8,32,0.3,0.03220000000000041
62,610048940,8,32,0.5,0.04085000000000066
62,610048940,8,64,0.0,0.021500000000000102
62,610048940,8,64,0.1,0.03565000000000051
62,610048940,8,64,0.3,0.034900000000000486
62,610048940,8,64,0.5,0.04445000000000076
63,620048941,2,32,0.0,0.021500000000000102
63,620048941,2,32,0.1,0.03360000000000045
63,620048941,2,32,0.3,0.08204999999999912
63,620048941,2,32,0.5,0.08779999999999849
63,620048941,2,64,0.0,0.03225000000000041
63,620048941,2,64,0.1,0.05765000000000114
63,620048941,2,64,0.3,0.08204999999999912
63,620048941,2,64,0.5,0.08779999999999849
63,620048941,4,64,0.0,0.021500000000000102
63,620048941,4,64,0.1,0.03605000000000052
63,620048941,4,64,0.3,0.04895000000000089
63,620048941,4,64,0.5,0.048800000000000884
63,620048941,8,4,0.0,0.021500000000000102
63,620048941,8,4,0.1,0.024750000000000195
63,620048941,8,4,0.3,0.04035000000000064
63,620048941,8,4,0.5,0.029950000000000344
64,630048942,1,4,0.0,0.021500000000000102
64,630048942,1,4,0.1,0.06840000000000063
64,630048942,1,4,0.3,0.03985000000000063
64,630048942,1,4,0.5,0.09809999999999736
64,630048942,1,8,0.0,0.021500000000000102
64,630048942,1,8,0.1,0.06840000000000063
64,630048942,1,8,0.3,0.06300000000000122
64,630048942,1,8,0.5,0.09809999999999736
64,630048942,4,4,0.0,0.021500000000000102
64,630048942,4,4,0.1,0.02625000000000024
64,630048942,4,4,0.3,0.0318500000000004
64,630048942,4,4,0.5,0.037350000000000556
64,630048942,4,8,0.0,0.021500000000000102
64,630048942,4,8,0.1,0.030000000000000346
64,630048942,4,8,0.3,0.03620000000000052
64,630048942,4,8,0.5,0.04415000000000075
64,630048942,2,8,0.0,0.021500000000000102
64,630048942,2,8,0.1,0.03565000000000051
64,630048942,2,8,0.3,0.03855000000000059
64,630048942,2,8,0.5,0.055800000000001085
64,630048942,2,16,0.0,0.021500000000000102
64,630048942,2,16,0.1,0.03565000000000051
64,630048942,2,16,0.3,0.04870000000000088
64,630048942,2,16,0.5,0.05880000000000117
64,630048942,1,64,0.0,0.04295000000000072
64,630048942,1,64,0.1,0.0686500000000006
64,630048942,1,64,0.3,0.12899999999999395
64,630048942,1,64,0.5,0.1420999999999925
64,630048942,2,4,0.0,0.021500000000000102
64,630048942,2,4,0.1,0.03565000000000051
64,630048942,2,4,0.3,0.03375000000000045
64,630048942,2,4,0.5,0.055800000000001085
64,630048942,1,16,0.0,0.021500000000000102
64,630048942,1,16,0.1,0.06840000000000063
64,630048942,1,16,0.3,0.08889999999999837
64,630048942,1,16,0.5,0.10569999999999652
64,630048942,1,32,0.0,0.04295000000000072
64,630048942,1,32,0.1,0.06840000000000063
64,630048942,1,32,0.3,0.10089999999999705
64,630048942,1,32,0.5,0.13344999999999346
64,630048942,4,16,0.0,0.021500000000000102
64,630048942,4,16,0.1,0.030000000000000346
64,630048942,4,16,0.3,0.03620000000000052
64,630048942,4,16,0.5,0.04805000000000086
64,630048942,4,32,0.0,0.021500000000000102
64,630048942,4,32,0.1,0.03335000000000044
64,630048942,4,32,0.3,0.03620000000000052
64,630048942,4,32,0.5,0.048500000000000876
64,630048942,2,32,0.0,0.021500000000000102
64,630048942,2,32,0.1,0.04665000000000082
64,630048942,2,32,0.3,0.05800000000000115
64,630048942,2,32,0.5,0.07215000000000021
64,630048942,2,64,0.0,0.03225000000000041
64,630048942,2,64,0.1,0.04665000000000082
64,630048942,2,64,0.3,0.07689999999999969
64,630048942,2,64,0.5,0.07439999999999997
64,630048942,8,8,0.0,0.021500000000000102
64,630048942,8,8,0.1,0.026400000000000243
64,630048942,8,8,0.3,0.026750000000000253
64,630048942,8,8,0.5,0.03050000000000036
64,630048942,8,16,0.0,0.021500000000000102
64,630048942,8,16,0.1,0.026400000000000243
64,630048942,8,16,0.3,0.026900000000000257
64,630048942,8,16,0.5,0.036300000000000526
63,620048941,8,32,0.0,0.021500000000000102
63,620048941,8,32,0.1,0.03395000000000046
63,620048941,8,32,0.3,0.03370000000000045
63,620048941,8,32,0.5,0.03295000000000043
63,620048941,8,64,0.0,0.021500000000000102
63,620048941,8,64,0.1,0.03395000000000046
63,620048941,8,64,0.3,0.03650000000000053
63,620048941,8,64,0.5,0.04015000000000064
64,630048942,4,64,0.0,0.026850000000000256
64,630048942,4,64,0.1,0.034500000000000475
64,630048942,4,64,0.3,0.062100000000001265
64,630048942,4,64,0.5,0.05905000000000118
64,630048942,8,4,0.0,0.021500000000000102
64,630048942,8,4,0.1,0.022050000000000118
64,630048942,8,4,0.3,0.025150000000000207
64,630048942,8,4,0.5,0.033100000000000435
65,640048943,4,4,0.0,0.021500000000000102
65,640048943,4,4,0.1,0.03145000000000039
65,640048943,4,4,0.3,0.034850000000000485
65,640048943,4,4,0.5,0.03740000000000056
65,640048943,4,8,0.0,0.021500000000000102
65,640048943,4,8,0.1,0.03145000000000039
65,640048943,4,8,0.3,0.03710000000000055
65,640048943,4,8,0.5,0.05010000000000092
65,640048943,1,4,0.0,0.021500000000000102
65,640048943,1,4,0.1,0.051600000000000965
65,640048943,1,4,0.3,0.07415
65,640048943,1,4,0.5,0.10664999999999641
65,640048943,1,8,0.0,0.021500000000000102
65,640048943,1,8,0.1,0.051600000000000965
65,640048943,1,8,0.3,0.08069999999999927
65,640048943,1,8,0.5,0.10664999999999641
65,640048943,2,8,0.0,0.021500000000000102
65,640048943,2,8,0.1,0.03145000000000039
65,640048943,2,8,0.3,0.0423500000000007
65,640048943,2,8,0.5,0.05665000000000111
65,640048943,2,16,0.0,0.021500000000000102
65,640048943,2,16,0.1,0.037000000000000546
65,640048943,2,16,0.3,0.06370000000000114
65,640048943,2,16,0.5,0.07839999999999953
65,640048943,1,16,0.0,0.021500000000000102
65,640048943,1,16,0.1,0.07799999999999957
65,640048943,1,16,0.3,0.09519999999999768
65,640048943,1,16,0.5,0.10664999999999641
65,640048943,1,32,0.0,0.021500000000000102
65,640048943,1,32,0.1,0.08029999999999932
65,640048943,1,32,0.3,0.09519999999999768
65,640048943,1,32,0.5,0.10899999999999616
65,640048943,1,64,0.0,0.04295000000000072
65,640048943,1,64,0.1,0.08029999999999932
65,640048943,1,64,0.3,0.10339999999999677
65,640048943,1,64,0.5,0.13334999999999347
65,640048943,2,4,0.0,0.021500000000000102
65,640048943,2,4,0.1,0.03145000000000039
65,640048943,2,4,0.3,0.04340000000000073
65,640048943,2,4,0.5,0.05665000000000111
65,640048943,4,16,0.0,0.021500000000000102
65,640048943,4,16,0.1,0.03145000000000039
65,640048943,4,16,0.3,0.04125000000000067
65,640048943,4,16,0.5,0.05010000000000092
65,640048943,4,32,0.0,0.021500000000000102
65,640048943,4,32,0.1,0.03955000000000062
65,640048943,4,32,0.3,0.04680000000000083
65,640048943,4,32,0.5,0.06005000000000121
65,640048943,8,8,0.0,0.021500000000000102
65,640048943,8,8,0.1,0.03145000000000039
65,640048943,8,8,0.3,0.03375000000000045
65,640048943,8,8,0.5,0.031750000000000396
65,640048943,8,16,0.0,0.021500000000000102
65,640048943,8,16,0.1,0.03145000000000039
65,640048943,8,16,0.3,0.034500000000000475
65,640048943,8,16,0.5,0.04140000000000067
65,640048943,2,32,0.0,0.03225000000000041
65,640048943,2,32,0.1,0.08029999999999932
65,640048943,2,32,0.3,0.06370000000000114
65,640048943,2,32,0.5,0.07839999999999953
65,640048943,2,64,0.0,0.03225000000000041
65,640048943,2,64,0.1,0.08029999999999932
65,640048943,2,64,0.3,0.06615000000000087
65,640048943,2,64,0.5,0.0867999999999986
64,630048942,8,32,0.0,0.021500000000000102
64,630048942,8,32,0.1,0.026800000000000254
64,630048942,8,32,0.3,0.03435000000000047
64,630048942,8,32,0.5,0.037300000000000555
64,630048942,8,64,0.0,0.021500000000000102
64,630048942,8,64,0.1,0.03120000000000038
64,630048942,8,64,0.3,0.0423500000000007
64,630048942,8,64,0.5,0.04055000000000065
65,640048943,4,64,0.0,0.021500000000000102
65,640048943,4,64,0.1,0.03955000000000062
65,640048943,4,64,0.3,0.04680000000000083
65,640048943,4,64,0.5,0.07484999999999992
65,640048943,8,4,0.0,0.021500000000000102
65,640048943,8,4,0.1,0.03145000000000039
65,640048943,8,4,0.3,0.03375000000000045
65,640048943,8,4,0.5,0.031750000000000396
66,650048944,1,4,0.0,0.021500000000000102
66,650048944,1,4,0.1,0.046750000000000826
66,650048944,1,4,0.3,0.0668000000000008
66,650048944,1,4,0.5,0.09174999999999806
66,650048944,1,8,0.0,0.021500000000000102
66,650048944,1,8,0.1,0.05120000000000095
66,650048944,1,8,0.3,0.09889999999999727
66,650048944,1,8,0.5,0.09174999999999806
66,650048944,4,4,0.0,0.021500000000000102
66,650048944,4,4,0.1,0.023700000000000165
66,650048944,4,4,0.3,0.03010000000000035
66,650048944,4,4,0.5,0.05310000000000101
66,650048944,4,8,0.0,0.021500000000000102
66,650048944,4,8,0.1,0.02450000000000019
66,650048944,4,8,0.3,0.03010000000000035
66,650048944,4,8,0.5,0.05310000000000101
66,650048944,2,8,0.0,0.021500000000000102
66,650048944,2,8,0.1,0.035250000000000496
66,650048944,2,8,0.3,0.04695000000000083
66,650048944,2,8,0.5,0.05310000000000101
66,650048944,2,16,0.0,0.03225000000000041
66,650048944,2,16,0.1,0.065000000000001
66,650048944,2,16,0.3,0.053400000000001016
66,650048944,2,16,0.5,0.0822499999999991
66,650048944,1,16,0.0,0.021500000000000102
66,650048944,1,16,0.1,0.055450000000001075
66,650048944,1,16,0.3,0.08989999999999826
66,650048944,1,16,0.5,0.10029999999999711
66,650048944,1,32,0.0,0.021500000000000102
66,650048944,1,32,0.1,0.07754999999999962
66,650048944,1,32,0.3,0.12289999999999462
66,650048944,1,32,0.5,0.10029999999999711
66,650048944,1,64,0.0,0.04295000000000072
66,650048944,1,64,0.1,0.07754999999999962
66,650048944,1,64,0.3,0.12289999999999462
66,650048944,1,64,0.5,0.12449999999999445
66,650048944,2,4,0.0,0.021500000000000102
66,650048944,2,4,0.1,0.02590000000000023
66,650048944,2,4,0.3,0.03680000000000054
66,650048944,2,4,0.5,0.05310000000000101
66,650048944,8,8,0.0,0.021500000000000102
66,650048944,8,8,0.1,0.02450000000000019
66,650048944,8,8,0.3,0.02525000000000021
66,650048944,8,8,0.5,0.034150000000000465
66,650048944,8,16,0.0,0.021500000000000102
66,650048944,8,16,0.1,0.03255000000000042
66,650048944,8,16,0.3,0.030950000000000373
66,650048944,8,16,0.5,0.03685000000000054
66,650048944,2,32,0.0,0.03225000000000041
66,650048944,2,32,0.1,0.065000000000001
66,650048944,2,32,0.3,0.05740000000000113
66,650048944,2,32,0.5,0.06925000000000053
66,650048944,2,64,0.0,0.03225000000000041
66,650048944,2,64,0.1,0.065000000000001
66,650048944,2,64,0.3,0.0641000000000011
66,650048944,2,64,0.5,0.07544999999999985
66,650048944,4,16,0.0,0.021500000000000102
66,650048944,4,16,0.1,0.036650000000000536
66,650048944,4,16,0.3,0.03755000000000056
66,650048944,4,16,0.5,0.05310000000000101
66,650048944,4,32,0.0,0.021500000000000102
66,650048944,4,32,0.1,0.036900000000000543
66,650048944,4,32,0.3,0.04515000000000078
66,650048944,4,32,0.5,0.05310000000000101
65,640048943,8,32,0.0,0.021500000000000102
65,640048943,8,32,0.1,0.03235000000000041
65,640048943,8,32,0.3,0.03495000000000049
65,640048943,8,32,0.5,0.04275000000000071
65,640048943,8,64,0.0,0.021500000000000102
65,640048943,8,64,0.1,0.032450000000000416
65,640048943,8,64,0.3,0.03635000000000053
65,640048943,8,64,0.5,0.050250000000000926
66,650048944,4,64,0.0,0.021500000000000102
66,650048944,4,64,0.1,0.036900000000000543
66,650048944,4,64,0.3,0.046000000000000804
66,650048944,4,64,0.5,0.05350000000000102
66,650048944,8,4,0.0,0.021500000000000102
66,650048944,8,4,0.1,0.023700000000000165
66,650048944,8,4,0.3,0.025000000000000203
66,650048944,8,4,0.5,0.034150000000000465
67,660048945,1,4,0.0,0.021500000000000102
67,660048945,1,4,0.1,0.03580000000000051
67,660048945,1,4,0.3,0.06510000000000099
67,660048945,1,4,0.5,0.09359999999999785
67,660048945,1,8,0.0,0.021500000000000102
67,660048945,1,8,0.1,0.06670000000000081
67,660048945,1,8,0.3,0.06510000000000099
67,660048945,1,8,0.5,0.09359999999999785
67,660048945,2,8,0.0,0.021500000000000102
67,660048945,2,8,0.1,0.033150000000000436
67,660048945,2,8,0.3,0.04270000000000071
67,660048945,2,8,0.5,0.06275000000000125
67,660048945,2,16,0.0,0.021500000000000102
67,660048945,2,16,0.1,0.037300000000000555
67,660048945,2,16,0.3,0.04270000000000071
67,660048945,2,16,0.5,0.06005000000000121
67,660048945,1,16,0.0,0.04295000000000072
67,660048945,1,16,0.1,0.08089999999999925
67,660048945,1,16,0.3,0.0677000000000007
67,660048945,1,16,0.5,0.11419999999999558
67,660048945,1,32,0.0,0.04295000000000072
67,660048945,1,32,0.1,0.08089999999999925
67,660048945,1,32,0.3,0.07464999999999994
67,660048945,1,32,0.5,0.11419999999999558
67,660048945,4,4,0.0,0.021500000000000102
67,660048945,4,4,0.1,0.03465000000000048
67,660048945,4,4,0.3,0.03580000000000051
67,660048945,4,4,0.5,0.054100000000001036
67,660048945,4,8,0.0,0.021500000000000102
67,660048945,4,8,0.1,0.027550000000000276
67,660048945,4,8,0.3,0.054800000000001056
67,660048945,4,8,0.5,0.06275000000000125
67,660048945,1,64,0.0,0.04295000000000072
67,660048945,1,64,0.1,0.08089999999999925
67,660048945,1,64,0.3,0.09429999999999777
67,660048945,1,64,0.5,0.13329999999999348
67,660048945,2,4,0.0,0.021500000000000102
67,660048945,2,4,0.1,0.028550000000000304
67,660048945,2,4,0.3,0.04270000000000071
67,660048945,2,4,0.5,0.04960000000000091
67,660048945,4,16,0.0,0.021500000000000102
67,660048945,4,16,0.1,0.029700000000000337
67,660048945,4,16,0.3,0.054800000000001056
67,660048945,4,16,0.5,0.04450000000000076
67,660048945,4,32,0.0,0.021500000000000102
67,660048945,4,32,0.1,0.029700000000000337
67,660048945,4,32,0.3,0.054800000000001056
67,660048945,4,32,0.5,0.04560000000000079
67,660048945,8,8,0.0,0.021500000000000102
67,660048945,8,8,0.1,0.024450000000000187
67,660048945,8,8,0.3,0.03120000000000038
67,660048945,8,8,0.5,0.03465000000000048
67,660048945,8,16,0.0,0.021500000000000102
67,660048945,8,16,0.1,0.03015000000000035
67,660048945,8,16,0.3,0.03120000000000038
67,660048945,8,16,0.5,0.03325000000000044
67,660048945,2,32,0.0,0.021500000000000102
67,660048945,2,32,0.1,0.037300000000000555
67,660048945,2,32,0.3,0.05045000000000093
67,660048945,2,32,0.5,0.07245000000000018
67,660048945,2,64,0.0,0.03225000000000041
67,660048945,2,64,0.1,0.050950000000000946
67,660048945,2,64,0.3,0.07699999999999968
67,660048945,2,64,0.5,0.08599999999999869
66,650048944,8,32,0.0,0.021500000000000102
66,650048944,8,32,0.1,0.037000000000000546
66,650048944,8,32,0.3,0.03400000000000046
66,650048944,8,32,0.5,0.04205000000000069
66,650048944,8,64,0.0,0.021500000000000102
66,650048944,8,64,0.1,0.037000000000000546
66,650048944,8,64,0.3,0.03605000000000052
66,650048944,8,64,0.5,0.04270000000000071
68,670048946,1,4,0.0,0.021500000000000102
68,670048946,1,4,0.1,0.04700000000000083
68,670048946,1,4,0.3,0.08209999999999912
68,670048946,1,4,0.5,0.08464999999999884
68,670048946,1,8,0.0,0.021500000000000102
68,670048946,1,8,0.1,0.04700000000000083
68,670048946,1,8,0.3,0.06330000000000119
68,670048946,1,8,0.5,0.08464999999999884
67,660048945,4,64,0.0,0.026850000000000256
67,660048945,4,64,0.1,0.03340000000000044
67,660048945,4,64,0.3,0.060350000000001215
67,660048945,4,64,0.5,0.0704000000000004
67,660048945,8,4,0.0,0.021500000000000102
67,660048945,8,4,0.1,0.02415000000000018
67,660048945,8,4,0.3,0.027850000000000284
67,660048945,8,4,0.5,0.03090000000000037
68,670048946,4,4,0.0,0.021500000000000102
68,670048946,4,4,0.1,0.03370000000000045
68,670048946,4,4,0.3,0.02740000000000027
68,670048946,4,4,0.5,0.04055000000000065
68,670048946,4,8,0.0,0.021500000000000102
68,670048946,4,8,0.1,0.03370000000000045
68,670048946,4,8,0.3,0.03390000000000046
68,670048946,4,8,0.5,0.04055000000000065
68,670048946,2,8,0.0,0.021500000000000102
68,670048946,2,8,0.1,0.03370000000000045
68,670048946,2,8,0.3,0.0423000000000007
68,670048946,2,8,0.5,0.058250000000001155
68,670048946,2,16,0.0,0.021500000000000102
68,670048946,2,16,0.1,0.03370000000000045
68,670048946,2,16,0.3,0.07125000000000031
68,670048946,2,16,0.5,0.06710000000000077
68,670048946,1,16,0.0,0.021500000000000102
68,670048946,1,16,0.1,0.04700000000000083
68,670048946,1,16,0.3,0.09109999999999813
68,670048946,1,16,0.5,0.09079999999999816
68,670048946,1,32,0.0,0.021500000000000102
68,670048946,1,32,0.1,0.049200000000000896
68,670048946,1,32,0.3,0.09109999999999813
68,670048946,1,32,0.5,0.10259999999999686
68,670048946,1,64,0.0,0.04295000000000072
68,670048946,1,64,0.1,0.09389999999999782
68,670048946,1,64,0.3,0.10819999999999624
68,670048946,1,64,0.5,0.12304999999999461
68,670048946,2,4,0.0,0.021500000000000102
68,670048946,2,4,0.1,0.03370000000000045
68,670048946,2,4,0.3,0.04620000000000081
68,670048946,2,4,0.5,0.056900000000001116
68,670048946,4,16,0.0,0.021500000000000102
68,670048946,4,16,0.1,0.03370000000000045
68,670048946,4,16,0.3,0.04665000000000082
68,670048946,4,16,0.5,0.05390000000000103
68,670048946,4,32,0.0,0.021500000000000102
68,670048946,4,32,0.1,0.03370000000000045
68,670048946,4,32,0.3,0.04665000000000082
68,670048946,4,32,0.5,0.056850000000001115
68,670048946,8,8,0.0,0.021500000000000102
68,670048946,8,8,0.1,0.02810000000000029
68,670048946,8,8,0.3,0.02670000000000025
68,670048946,8,8,0.5,0.03510000000000049
68,670048946,8,16,0.0,0.021500000000000102
68,670048946,8,16,0.1,0.02810000000000029
68,670048946,8,16,0.3,0.02950000000000033
68,670048946,8,16,0.5,0.041500000000000675
68,670048946,2,32,0.0,0.021500000000000102
68,670048946,2,32,0.1,0.04095000000000066
68,670048946,2,32,0.3,0.07125000000000031
68,670048946,2,32,0.5,0.08399999999999891
68,670048946,2,64,0.0,0.03225000000000041
68,670048946,2,64,0.1,0.06185000000000126
68,670048946,2,64,0.3,0.0795999999999994
68,670048946,2,64,0.5,0.08399999999999891
68,670048946,4,64,0.0,0.021500000000000102
68,670048946,4,64,0.1,0.03955000000000062
68,670048946,4,64,0.3,0.05590000000000109
68,670048946,4,64,0.5,0.056850000000001115
68,670048946,8,4,0.0,0.021500000000000102
68,670048946,8,4,0.1,0.02810000000000029
68,670048946,8,4,0.3,0.025000000000000203
68,670048946,8,4,0.5,0.03090000000000037
67,660048945,8,32,0.0,0.021500000000000102
67,660048945,8,32,0.1,0.03015000000000035
67,660048945,8,32,0.3,0.046000000000000804
67,660048945,8,32,0.5,0.037350000000000556
67,660048945,8,64,0.0,0.021500000000000102
67,660048945,8,64,0.1,0.03145000000000039
67,660048945,8,64,0.3,0.04665000000000082
67,660048945,8,64,0.5,0.04685000000000083
69,680048947,1,4,0.0,0.021500000000000102
69,680048947,1,4,0.1,0.092249999999998
69,680048947,1,4,0.3,0.039700000000000624
69,680048947,1,4,0.5,0.09299999999999792
69,680048947,1,8,0.0,0.021500000000000102
69,680048947,1,8,0.1,0.092249999999998
69,680048947,1,8,0.3,0.06080000000000123
69,680048947,1,8,0.5,0.09299999999999792
69,680048947,4,4,0.0,0.021500000000000102
69,680048947,4,4,0.1,0.027600000000000277
69,680048947,4,4,0.3,0.03405000000000046
69,680048947,4,4,0.5,0.03055000000000036
69,680048947,4,8,0.0,0.021500000000000102
69,680048947,4,8,0.1,0.027600000000000277
69,680048947,4,8,0.3,0.03405000000000046
69,680048947,4,8,0.5,0.031750000000000396
69,680048947,2,8,0.0,0.021500000000000102
69,680048947,2,8,0.1,0.04770000000000085
69,680048947,2,8,0.3,0.04660000000000082
69,680048947,2,8,0.5,0.05140000000000096
69,680048947,2,16,0.0,0.021500000000000102
69,680048947,2,16,0.1,0.04770000000000085
69,680048947,2,16,0.3,0.050900000000000944
69,680048947,2,16,0.5,0.07175000000000026
69,680048947,1,16,0.0,0.021500000000000102
69,680048947,1,16,0.1,0.092249999999998
69,680048947,1,16,0.3,0.08199999999999913
69,680048947,1,16,0.5,0.12334999999999458
69,680048947,1,32,0.0,0.04295000000000072
69,680048947,1,32,0.1,0.092249999999998
69,680048947,1,32,0.3,0.09614999999999757
69,680048947,1,32,0.5,0.12474999999999442
69,680048947,1,64,0.0,0.04295000000000072
69,680048947,1,64,0.1,0.092249999999998
69,680048947,1,64,0.3,0.09614999999999757
69,680048947,1,64,0.5,0.12654999999999422
69,680048947,2,4,0.0,0.021500000000000102
69,680048947,2,4,0.1,0.04770000000000085
69,680048947,2,4,0.3,0.04660000000000082
69,680048947,2,4,0.5,0.05140000000000096
69,680048947,4,16,0.0,0.021500000000000102
69,680048947,4,16,0.1,0.03815000000000058
69,680048947,4,16,0.3,0.036650000000000536
69,680048947,4,16,0.5,0.04435000000000076
69,680048947,4,32,0.0,0.021500000000000102
69,680048947,4,32,0.1,0.04160000000000068
69,680048947,4,32,0.3,0.046400000000000816
69,680048947,4,32,0.5,0.07370000000000004
69,680048947,8,8,0.0,0.021500000000000102
69,680048947,8,8,0.1,0.027600000000000277
69,680048947,8,8,0.3,0.028600000000000306
69,680048947,8,8,0.5,0.03670000000000054
69,680048947,8,16,0.0,0.021500000000000102
69,680048947,8,16,0.1,0.027600000000000277
69,680048947,8,16,0.3,0.03155000000000039
69,680048947,8,16,0.5,0.04400000000000075
68,670048946,8,32,0.0,0.021500000000000102
68,670048946,8,32,0.1,0.02810000000000029
68,670048946,8,32,0.3,0.0319000000000004
68,670048946,8,32,0.5,0.04975000000000091
68,670048946,8,64,0.0,0.021500000000000102
68,670048946,8,64,0.1,0.0319500000000004
68,670048946,8,64,0.3,0.035900000000000515
68,670048946,8,64,0.5,0.04975000000000091
69,680048947,4,64,0.0,0.021500000000000102
69,680048947,4,64,0.1,0.055500000000001076
69,680048947,4,64,0.3,0.04695000000000083
69,680048947,4,64,0.5,0.07370000000000004
69,680048947,8,4,0.0,0.021500000000000102
69,680048947,8,4,0.1,0.027600000000000277
69,680048947,8,4,0.3,0.028600000000000306
69,680048947,8,4,0.5,0.03670000000000054
69,680048947,2,32,0.0,0.03225000000000041
69,680048947,2,32,0.1,0.04770000000000085
69,680048947,2,32,0.3,0.0949999999999977
69,680048947,2,32,0.5,0.1394499999999928
69,680048947,2,64,0.0,0.03225000000000041
69,680048947,2,64,0.1,0.06010000000000121
69,680048947,2,64,0.3,0.09504999999999769
69,680048947,2,64,0.5,0.1394499999999928
70,690048948,2,8,0.0,0.021500000000000102
70,690048948,2,8,0.1,0.0354000000000005
70,690048948,2,8,0.3,0.04765000000000085
70,690048948,2,8,0.5,0.054050000000001035
70,690048948,2,16,0.0,0.021500000000000102
70,690048948,2,16,0.1,0.03925000000000061
70,690048948,2,16,0.3,0.04410000000000075
70,690048948,2,16,0.5,0.054050000000001035
70,690048948,1,4,0.0,0.021500000000000102
70,690048948,1,4,0.1,0.021500000000000102
70,690048948,1,4,0.3,0.06005000000000121
70,690048948,1,4,0.5,0.10614999999999647
70,690048948,1,8,0.0,0.021500000000000102
70,690048948,1,8,0.1,0.026150000000000236
70,690048948,1,8,0.3,0.08879999999999838
70,690048948,1,8,0.5,0.10614999999999647
70,690048948,4,4,0.0,0.021500000000000102
70,690048948,4,4,0.1,0.0249000000000002
70,690048948,4,4,0.3,0.02910000000000032
70,690048948,4,4,0.5,0.05105000000000095
70,690048948,4,8,0.0,0.021500000000000102
70,690048948,4,8,0.1,0.02530000000000021
70,690048948,4,8,0.3,0.03265000000000042
70,690048948,4,8,0.5,0.05105000000000095
70,690048948,1,16,0.0,0.021500000000000102
70,690048948,1,16,0.1,0.05910000000000118
70,690048948,1,16,0.3,0.08364999999999895
70,690048948,1,16,0.5,0.10614999999999647
70,690048948,1,32,0.0,0.04295000000000072
70,690048948,1,32,0.1,0.0714000000000003
70,690048948,1,32,0.3,0.08364999999999895
70,690048948,1,32,0.5,0.12539999999999435
70,690048948,1,64,0.0,0.04295000000000072
70,690048948,1,64,0.1,0.10154999999999698
70,690048948,1,64,0.3,0.11174999999999585
70,690048948,1,64,0.5,0.12539999999999435
70,690048948,2,4,0.0,0.021500000000000102
70,690048948,2,4,0.1,0.02765000000000028
70,690048948,2,4,0.3,0.03915000000000061
70,690048948,2,4,0.5,0.05105000000000095
70,690048948,8,8,0.0,0.021500000000000102
70,690048948,8,8,0.1,0.030400000000000357
70,690048948,8,8,0.3,0.026500000000000246
70,690048948,8,8,0.5,0.03340000000000044
70,690048948,8,16,0.0,0.021500000000000102
70,690048948,8,16,0.1,0.037650000000000565
70,690048948,8,16,0.3,0.042550000000000705
70,690048948,8,16,0.5,0.043550000000000734
69,680048947,8,32,0.0,0.021500000000000102
69,680048947,8,32,0.1,0.03015000000000035
69,680048947,8,32,0.3,0.03155000000000039
69,680048947,8,32,0.5,0.04400000000000075
69,680048947,8,64,0.0,0.021500000000000102
69,680048947,8,64,0.1,0.03330000000000044
69,680048947,8,64,0.3,0.03775000000000057
69,680048947,8,64,0.5,0.047400000000000844
70,690048948,4,16,0.0,0.021500000000000102
70,690048948,4,16,0.1,0.037950000000000574
70,690048948,4,16,0.3,0.042550000000000705
70,690048948,4,16,0.5,0.05105000000000095
70,690048948,4,32,0.0,0.021500000000000102
70,690048948,4,32,0.1,0.038300000000000584
70,690048948,4,32,0.3,0.042550000000000705
70,690048948,4,32,0.5,0.05770000000000114
70,690048948,2,32,0.0,0.021500000000000102
70,690048948,2,32,0.1,0.042900000000000715
70,690048948,2,32,0.3,0.04410000000000075
70,690048948,2,32,0.5,0.06710000000000077
70,690048948,2,64,0.0,0.03225000000000041
70,690048948,2,64,0.1,0.05015000000000092
70,690048948,2,64,0.3,0.07090000000000035
70,690048948,2,64,0.5,0.12514999999999438
70,690048948,4,64,0.0,0.026850000000000256
70,690048948,4,64,0.1,0.04800000000000086
70,690048948,4,64,0.3,0.046350000000000814
70,690048948,4,64,0.5,0.0668500000000008
70,690048948,8,4,0.0,0.021500000000000102
70,690048948,8,4,0.1,0.030400000000000357
70,690048948,8,4,0.3,0.02595000000000023
70,690048948,8,4,0.5,0.03090000000000037
71,700048949,1,4,0.0,0.021500000000000102
71,700048949,1,4,0.1,0.021500000000000102
71,700048949,1,4,0.3,0.09164999999999807
71,700048949,1,4,0.5,0.10869999999999619
71,700048949,1,8,0.0,0.021500000000000102
71,700048949,1,8,0.1,0.04715000000000084
71,700048949,1,8,0.3,0.09069999999999817
71,700048949,1,8,0.5,0.10869999999999619
71,700048949,4,4,0.0,0.021500000000000102
71,700048949,4,4,0.1,0.027200000000000266
71,700048949,4,4,0.3,0.028200000000000294
71,700048949,4,4,0.5,0.03090000000000037
71,700048949,4,8,0.0,0.021500000000000102
71,700048949,4,8,0.1,0.027200000000000266
71,700048949,4,8,0.3,0.028850000000000313
71,700048949,4,8,0.5,0.037650000000000565
71,700048949,2,8,0.0,0.021500000000000102
71,700048949,2,8,0.1,0.03680000000000054
71,700048949,2,8,0.3,0.04450000000000076
71,700048949,2,8,0.5,0.05215000000000098
71,700048949,2,16,0.0,0.021500000000000102
71,700048949,2,16,0.1,0.03680000000000054
71,700048949,2,16,0.3,0.07544999999999985
71,700048949,2,16,0.5,0.05540000000000107
71,700048949,1,16,0.0,0.021500000000000102
71,700048949,1,16,0.1,0.04715000000000084
71,700048949,1,16,0.3,0.11549999999999544
71,700048949,1,16,0.5,0.10869999999999619
71,700048949,1,32,0.0,0.021500000000000102
71,700048949,1,32,0.1,0.06080000000000123
71,700048949,1,32,0.3,0.11549999999999544
71,700048949,1,32,0.5,0.12229999999999469
71,700048949,1,64,0.0,0.04295000000000072
71,700048949,1,64,0.1,0.09594999999999759
71,700048949,1,64,0.3,0.12909999999999394
71,700048949,1,64,0.5,0.14379999999999232
71,700048949,2,4,0.0,0.021500000000000102
71,700048949,2,4,0.1,0.03680000000000054
71,700048949,2,4,0.3,0.04720000000000084
71,700048949,2,4,0.5,0.05215000000000098
71,700048949,4,16,0.0,0.021500000000000102
71,700048949,4,16,0.1,0.027200000000000266
71,700048949,4,16,0.3,0.04375000000000074
71,700048949,4,16,0.5,0.0493000000000009
71,700048949,4,32,0.0,0.021500000000000102
71,700048949,4,32,0.1,0.03500000000000049
71,700048949,4,32,0.3,0.04375000000000074
71,700048949,4,32,0.5,0.0493000000000009
71,700048949,8,8,0.0,0.021500000000000102
71,700048949,8,8,0.1,0.022550000000000132
71,700048949,8,8,0.3,0.026550000000000247
71,700048949,8,8,0.5,0.03125000000000038
71,700048949,8,16,0.0,0.021500000000000102
71,700048949,8,16,0.1,0.025850000000000227
71,700048949,8,16,0.3,0.04060000000000065
71,700048949,8,16,0.5,0.03740000000000056
71,700048949,2,32,0.0,0.021500000000000102
71,700048949,2,32,0.1,0.04715000000000084
71,700048949,2,32,0.3,0.07544999999999985
71,700048949,2,32,0.5,0.06295000000000123
71,700048949,2,64,0.0,0.03225000000000041
71,700048949,2,64,0.1,0.05005000000000092
71,700048949,2,64,0.3,0.07689999999999969
71,700048949,2,64,0.5,0.09204999999999802
70,690048948,8,32,0.0,0.021500000000000102
70,690048948,8,32,0.1,0.03775000000000057
70,690048948,8,32,0.3,0.042550000000000705
70,690048948,8,32,0.5,0.052950000000001
70,690048948,8,64,0.0,0.02420000000000018
70,690048948,8,64,0.1,0.04125000000000067
70,690048948,8,64,0.3,0.04405000000000075
70,690048948,8,64,0.5,0.05315000000000101
71,700048949,4,64,0.0,0.026850000000000256
71,700048949,4,64,0.1,0.037950000000000574
71,700048949,4,64,0.3,0.07235000000000019
71,700048949,4,64,0.5,0.07469999999999993
71,700048949,8,4,0.0,0.021500000000000102
71,700048949,8,4,0.1,0.027150000000000264
71,700048949,8,4,0.3,0.026550000000000247
71,700048949,8,4,0.5,0.03125000000000038
72,710048950,1,4,0.0,0.021500000000000102
72,710048950,1,4,0.1,0.08239999999999909
72,710048950,1,4,0.3,0.06875000000000059
72,710048950,1,4,0.5,0.10429999999999667
72,710048950,1,8,0.0,0.021500000000000102
72,710048950,1,8,0.1,0.08239999999999909
72,710048950,1,8,0.3,0.0795499999999994
72,710048950,1,8,0.5,0.10429999999999667
72,710048950,4,4,0.0,0.021500000000000102
72,710048950,4,4,0.1,0.04510000000000078
72,710048950,4,4,0.3,0.05525000000000107
72,710048950,4,4,0.5,0.04310000000000072
72,710048950,4,8,0.0,0.021500000000000102
72,710048950,4,8,0.1,0.04510000000000078
72,710048950,4,8,0.3,0.05525000000000107
72,710048950,4,8,0.5,0.04335000000000073
72,710048950,2,8,0.0,0.021500000000000102
72,710048950,2,8,0.1,0.06375000000000114
72,710048950,2,8,0.3,0.07210000000000022
72,710048950,2,8,0.5,0.0840999999999989
72,710048950,2,16,0.0,0.021500000000000102
72,710048950,2,16,0.1,0.06375000000000114
72,710048950,2,16,0.3,0.07210000000000022
72,710048950,2,16,0.5,0.0840999999999989
72,710048950,1,64,0.0,0.04295000000000072
72,710048950,1,64,0.1,0.08524999999999877
72,710048950,1,64,0.3,0.12819999999999404
72,710048950,1,64,0.5,0.12734999999999413
72,710048950,2,4,0.0,0.021500000000000102
72,710048950,2,4,0.1,0.06375000000000114
72,710048950,2,4,0.3,0.07210000000000022
72,710048950,2,4,0.5,0.05455000000000105
72,710048950,1,16,0.0,0.04295000000000072
72,710048950,1,16,0.1,0.08239999999999909
72,710048950,1,16,0.3,0.09874999999999728
72,710048950,1,16,0.5,0.12549999999999434
72,710048950,1,32,0.0,0.04295000000000072
72,710048950,1,32,0.1,0.08239999999999909
72,710048950,1,32,0.3,0.09874999999999728
72,710048950,1,32,0.5,0.13069999999999377
72,710048950,4,16,0.0,0.021500000000000102
72,710048950,4,16,0.1,0.04510000000000078
72,710048950,4,16,0.3,0.05525000000000107
72,710048950,4,16,0.5,0.04335000000000073
72,710048950,4,32,0.0,0.021500000000000102
72,710048950,4,32,0.1,0.04510000000000078
72,710048950,4,32,0.3,0.05525000000000107
72,710048950,4,32,0.5,0.04800000000000086
71,700048949,8,32,0.0,0.021500000000000102
71,700048949,8,32,0.1,0.0283500000000003
71,700048949,8,32,0.3,0.04060000000000065
71,700048949,8,32,0.5,0.03740000000000056
71,700048949,8,64,0.0,0.021500000000000102
71,700048949,8,64,0.1,0.0424500000000007
71,700048949,8,64,0.3,0.04165000000000068
71,700048949,8,64,0.5,0.046400000000000816
72,710048950,2,32,0.0,0.021500000000000102
72,710048950,2,32,0.1,0.06375000000000114
72,710048950,2,32,0.3,0.07210000000000022
72,710048950,2,32,0.5,0.0840999999999989
72,710048950,2,64,0.0,0.03225000000000041
72,710048950,2,64,0.1,0.06375000000000114
72,710048950,2,64,0.3,0.08074999999999927
72,710048950,2,64,0.5,0.0840999999999989
72,710048950,8,8,0.0,0.021500000000000102
72,710048950,8,8,0.1,0.0355000000000005
72,710048950,8,8,0.3,0.037700000000000566
72,710048950,8,8,0.5,0.03320000000000044
72,710048950,8,16,0.0,0.021500000000000102
72,710048950,8,16,0.1,0.0355000000000005
72,710048950,8,16,0.3,0.04645000000000082
72,710048950,8,16,0.5,0.03600000000000052
72,710048950,4,64,0.0,0.03225000000000041
72,710048950,4,64,0.1,0.04510000000000078
72,710048950,4,64,0.3,0.06975000000000048
72,710048950,4,64,0.5,0.05915000000000118
72,710048950,8,4,0.0,0.021500000000000102
72,710048950,8,4,0.1,0.0355000000000005
72,710048950,8,4,0.3,0.037700000000000566
72,710048950,8,4,0.5,0.029950000000000344
73,720048951,1,4,0.0,0.021500000000000102
73,720048951,1,4,0.1,0.022050000000000118
73,720048951,1,4,0.3,0.06340000000000118
73,720048951,1,4,0.5,0.09824999999999734
73,720048951,1,8,0.0,0.021500000000000102
73,720048951,1,8,0.1,0.022050000000000118
73,720048951,1,8,0.3,0.08534999999999876
73,720048951,1,8,0.5,0.092249999999998
73,720048951,4,4,0.0,0.021500000000000102
73,720048951,4,4,0.1,0.024300000000000183
73,720048951,4,4,0.3,0.03925000000000061
73,720048951,4,4,0.5,0.030750000000000367
73,720048951,4,8,0.0,0.021500000000000102
73,720048951,4,8,0.1,0.03015000000000035
73,720048951,4,8,0.3,0.03925000000000061
73,720048951,4,8,0.5,0.045300000000000784
73,720048951,2,8,0.0,0.021500000000000102
73,720048951,2,8,0.1,0.026850000000000256
73,720048951,2,8,0.3,0.05080000000000094
73,720048951,2,8,0.5,0.06610000000000088
73,720048951,2,16,0.0,0.021500000000000102
73,720048951,2,16,0.1,0.040050000000000634
73,720048951,2,16,0.3,0.06055000000000122
73,720048951,2,16,0.5,0.0804499999999993
73,720048951,1,16,0.0,0.021500000000000102
73,720048951,1,16,0.1,0.0722500000000002
73,720048951,1,16,0.3,0.08534999999999876
73,720048951,1,16,0.5,0.09449999999999775
73,720048951,1,32,0.0,0.04295000000000072
73,720048951,1,32,0.1,0.0722500000000002
73,720048951,1,32,0.3,0.0912999999999981
73,720048951,1,32,0.5,0.10519999999999657
73,720048951,4,16,0.0,0.021500000000000102
73,720048951,4,16,0.1,0.030750000000000367
73,720048951,4,16,0.3,0.03925000000000061
73,720048951,4,16,0.5,0.04350000000000073
73,720048951,4,32,0.0,0.021500000000000102
73,720048951,4,32,0.1,0.033500000000000446
73,720048951,4,32,0.3,0.03925000000000061
73,720048951,4,32,0.5,0.04790000000000086
73,720048951,1,64,0.0,0.04295000000000072
73,720048951,1,64,0.1,0.09809999999999736
73,720048951,1,64,0.3,0.09184999999999804
73,720048951,1,64,0.5,0.15359999999999124
73,720048951,2,4,0.0,0.021500000000000102
73,720048951,2,4,0.1,0.021500000000000102
73,720048951,2,4,0.3,0.05080000000000094
73,720048951,2,4,0.5,0.05345000000000102
73,720048951,8,8,0.0,0.021500000000000102
73,720048951,8,8,0.1,0.02735000000000027
73,720048951,8,8,0.3,0.028550000000000304
73,720048951,8,8,0.5,0.03640000000000053
73,720048951,8,16,0.0,0.021500000000000102
73,720048951,8,16,0.1,0.02735000000000027
73,720048951,8,16,0.3,0.03020000000000035
73,720048951,8,16,0.5,0.036250000000000525
72,710048950,8,32,0.0,0.021500000000000102
72,710048950,8,32,0.1,0.0355000000000005
72,710048950,8,32,0.3,0.04645000000000082
72,710048950,8,32,0.5,0.04000000000000063
72,710048950,8,64,0.0,0.021500000000000102
72,710048950,8,64,0.1,0.0355000000000005
72,710048950,8,64,0.3,0.05465000000000105
72,710048950,8,64,0.5,0.046350000000000814
73,720048951,2,32,0.0,0.021500000000000102
73,720048951,2,32,0.1,0.04620000000000081
73,720048951,2,32,0.3,0.06055000000000122
73,720048951,2,32,0.5,0.0913999999999981
73,720048951,2,64,0.0,0.03225000000000041
73,720048951,2,64,0.1,0.07899999999999946
73,720048951,2,64,0.3,0.07150000000000029
73,720048951,2,64,0.5,0.13334999999999347
73,720048951,4,64,0.0,0.026850000000000256
73,720048951,4,64,0.1,0.041500000000000675
73,720048951,4,64,0.3,0.04540000000000079
73,720048951,4,64,0.5,0.07260000000000016
73,720048951,8,4,0.0,0.021500000000000102
73,720048951,8,4,0.1,0.02735000000000027
73,720048951,8,4,0.3,0.028550000000000304
73,720048951,8,4,0.5,0.029550000000000333
74,730048952,1,4,0.0,0.021500000000000102
74,730048952,1,4,0.1,0.07015000000000043
74,730048952,1,4,0.3,0.061400000000001245
74,730048952,1,4,0.5,0.08889999999999837
74,730048952,1,8,0.0,0.021500000000000102
74,730048952,1,8,0.1,0.07015000000000043
74,730048952,1,8,0.3,0.07180000000000025
74,730048952,1,8,0.5,0.09364999999999785
74,730048952,2,8,0.0,0.021500000000000102
74,730048952,2,8,0.1,0.04270000000000071
74,730048952,2,8,0.3,0.046350000000000814
74,730048952,2,8,0.5,0.0564000000000011
74,730048952,2,16,0.0,0.021500000000000102
74,730048952,2,16,0.1,0.04270000000000071
74,730048952,2,16,0.3,0.06875000000000059
74,730048952,2,16,0.5,0.0564000000000011
74,730048952,4,4,0.0,0.021500000000000102
74,730048952,4,4,0.1,0.034850000000000485
74,730048952,4,4,0.3,0.02740000000000027
74,730048952,4,4,0.5,0.033450000000000445
74,730048952,4,8,0.0,0.021500000000000102
74,730048952,4,8,0.1,0.034850000000000485
74,730048952,4,8,0.3,0.028600000000000306
74,730048952,4,8,0.5,0.039050000000000605
74,730048952,1,16,0.0,0.021500000000000102
74,730048952,1,16,0.1,0.07964999999999939
74,730048952,1,16,0.3,0.07180000000000025
74,730048952,1,16,0.5,0.0868499999999986
74,730048952,1,32,0.0,0.04295000000000072
74,730048952,1,32,0.1,0.07964999999999939
74,730048952,1,32,0.3,0.1031999999999968
74,730048952,1,32,0.5,0.11229999999999579
74,730048952,1,64,0.0,0.04295000000000072
74,730048952,1,64,0.1,0.07964999999999939
74,730048952,1,64,0.3,0.1031999999999968
74,730048952,1,64,0.5,0.11809999999999515
74,730048952,2,4,0.0,0.021500000000000102
74,730048952,2,4,0.1,0.039350000000000614
74,730048952,2,4,0.3,0.039700000000000624
74,730048952,2,4,0.5,0.05955000000000119
74,730048952,4,16,0.0,0.021500000000000102
74,730048952,4,16,0.1,0.034850000000000485
74,730048952,4,16,0.3,0.04335000000000073
74,730048952,4,16,0.5,0.042850000000000714
74,730048952,4,32,0.0,0.021500000000000102
74,730048952,4,32,0.1,0.034850000000000485
74,730048952,4,32,0.3,0.04335000000000073
74,730048952,4,32,0.5,0.048800000000000884
74,730048952,8,8,0.0,0.021500000000000102
74,730048952,8,8,0.1,0.029350000000000327
74,730048952,8,8,0.3,0.0283500000000003
74,730048952,8,8,0.5,0.031700000000000395
74,730048952,8,16,0.0,0.021500000000000102
74,730048952,8,16,0.1,0.03340000000000044
74,730048952,8,16,0.3,0.02870000000000031
74,730048952,8,16,0.5,0.0318500000000004
73,720048951,8,32,0.0,0.021500000000000102
73,720048951,8,32,0.1,0.029900000000000343
73,720048951,8,32,0.3,0.037600000000000564
73,720048951,8,32,0.5,0.03565000000000051
73,720048951,8,64,0.0,0.021500000000000102
73,720048951,8,64,0.1,0.03165000000000039
73,720048951,8,64,0.3,0.038300000000000584
73,720048951,8,64,0.5,0.04680000000000083
74,730048952,4,64,0.0,0.021500000000000102
74,730048952,4,64,0.1,0.040800000000000655
74,730048952,4,64,0.3,0.04545000000000079
74,730048952,4,64,0.5,0.053350000000001015
74,730048952,8,4,0.0,0.021500000000000102
74,730048952,8,4,0.1,0.029350000000000327
74,730048952,8,4,0.3,0.02555000000000022
74,730048952,8,4,0.5,0.02765000000000028
74,730048952,2,32,0.0,0.021500000000000102
74,730048952,2,32,0.1,0.05675000000000111
74,730048952,2,32,0.3,0.06875000000000059
74,730048952,2,32,0.5,0.07325000000000009
74,730048952,2,64,0.0,0.03225000000000041
74,730048952,2,64,0.1,0.05675000000000111
74,730048952,2,64,0.3,0.08354999999999896
74,730048952,2,64,0.5,0.08099999999999924
75,740048953,1,4,0.0,0.021500000000000102
75,740048953,1,4,0.1,0.04505000000000078
75,740048953,1,4,0.3,0.08349999999999896
75,740048953,1,4,0.5,0.062050000000001264
75,740048953,1,8,0.0,0.021500000000000102
75,740048953,1,8,0.1,0.06090000000000123
75,740048953,1,8,0.3,0.08349999999999896
75,740048953,1,8,0.5,0.07969999999999938
75,740048953,4,4,0.0,0.021500000000000102
75,740048953,4,4,0.1,0.03410000000000046
75,740048953,4,4,0.3,0.04015000000000064
75,740048953,4,4,0.5,0.032400000000000415
75,740048953,4,8,0.0,0.021500000000000102
75,740048953,4,8,0.1,0.03845000000000059
75,740048953,4,8,0.3,0.04105000000000066
75,740048953,4,8,0.5,0.04370000000000074
75,740048953,2,8,0.0,0.021500000000000102
75,740048953,2,8,0.1,0.059600000000001194
75,740048953,2,8,0.3,0.04770000000000085
75,740048953,2,8,0.5,0.05100000000000095
75,740048953,2,16,0.0,0.021500000000000102
75,740048953,2,16,0.1,0.04790000000000086
75,740048953,2,16,0.3,0.05420000000000104
75,740048953,2,16,0.5,0.06425000000000108
75,740048953,1,16,0.0,0.04295000000000072
75,740048953,1,16,0.1,0.06910000000000055
75,740048953,1,16,0.3,0.10544999999999655
75,740048953,1,16,0.5,0.10069999999999707
75,740048953,1,32,0.0,0.04295000000000072
75,740048953,1,32,0.1,0.07330000000000009
75,740048953,1,32,0.3,0.14364999999999234
75,740048953,1,32,0.5,0.11939999999999501
75,740048953,1,64,0.0,0.04295000000000072
75,740048953,1,64,0.1,0.07330000000000009
75,740048953,1,64,0.3,0.14364999999999234
75,740048953,1,64,0.5,0.11939999999999501
75,740048953,2,4,0.0,0.021500000000000102
75,740048953,2,4,0.1,0.03410000000000046
75,740048953,2,4,0.3,0.04015000000000064
75,740048953,2,4,0.5,0.042850000000000714
75,740048953,4,16,0.0,0.021500000000000102
75,740048953,4,16,0.1,0.045350000000000786
75,740048953,4,16,0.3,0.04125000000000067
75,740048953,4,16,0.5,0.04370000000000074
75,740048953,4,32,0.0,0.021500000000000102
75,740048953,4,32,0.1,0.045350000000000786
75,740048953,4,32,0.3,0.04680000000000083
75,740048953,4,32,0.5,0.049200000000000896
75,740048953,2,32,0.0,0.021500000000000102
75,740048953,2,32,0.1,0.05310000000000101
75,740048953,2,32,0.3,0.06975000000000048
75,740048953,2,32,0.5,0.06425000000000108
75,740048953,2,64,0.0,0.03225000000000041
75,740048953,2,64,0.1,0.05955000000000119
75,740048953,2,64,0.3,0.07280000000000014
75,740048953,2,64,0.5,0.06460000000000105
75,740048953,8,8,0.0,0.021500000000000102
75,740048953,8,8,0.1,0.025500000000000217
75,740048953,8,8,0.3,0.03500000000000049
75,740048953,8,8,0.5,0.03460000000000048
75,740048953,8,16,0.0,0.021500000000000102
75,740048953,8,16,0.1,0.03405000000000046
75,740048953,8,16,0.3,0.0353000000000005
75,740048953,8,16,0.5,0.03460000000000048
74,730048952,8,32,0.0,0.021500000000000102
74,730048952,8,32,0.1,0.03340000000000044
74,730048952,8,32,0.3,0.03255000000000042
74,730048952,8,32,0.5,0.049550000000000906
74,730048952,8,64,0.0,0.021500000000000102
74,730048952,8,64,0.1,0.03815000000000058
74,730048952,8,64,0.3,0.04450000000000076
74,730048952,8,64,0.5,0.049550000000000906
75,740048953,4,64,0.0,0.021500000000000102
75,740048953,4,64,0.1,0.053350000000001015
75,740048953,4,64,0.3,0.05500000000000106
75,740048953,4,64,0.5,0.07360000000000005
75,740048953,8,4,0.0,0.021500000000000102
75,740048953,8,4,0.1,0.02870000000000031
75,740048953,8,4,0.3,0.03500000000000049
75,740048953,8,4,0.5,0.03230000000000041
76,750048954,1,4,0.0,0.021500000000000102
76,750048954,1,4,0.1,0.05945000000000119
76,750048954,1,4,0.3,0.06620000000000087
76,750048954,1,4,0.5,0.10869999999999619
76,750048954,1,8,0.0,0.04295000000000072
76,750048954,1,8,0.1,0.05945000000000119
76,750048954,1,8,0.3,0.07380000000000003
76,750048954,1,8,0.5,0.10609999999999647
76,750048954,4,4,0.0,0.021500000000000102
76,750048954,4,4,0.1,0.03430000000000047
76,750048954,4,4,0.3,0.03010000000000035
76,750048954,4,4,0.5,0.031050000000000376
76,750048954,4,8,0.0,0.021500000000000102
76,750048954,4,8,0.1,0.03430000000000047
76,750048954,4,8,0.3,0.03925000000000061
76,750048954,4,8,0.5,0.04540000000000079
76,750048954,2,8,0.0,0.021500000000000102
76,750048954,2,8,0.1,0.03430000000000047
76,750048954,2,8,0.3,0.037250000000000554
76,750048954,2,8,0.5,0.05565000000000108
76,750048954,2,16,0.0,0.021500000000000102
76,750048954,2,16,0.1,0.03430000000000047
76,750048954,2,16,0.3,0.045700000000000796
76,750048954,2,16,0.5,0.05565000000000108
76,750048954,1,16,0.0,0.04295000000000072
76,750048954,1,16,0.1,0.05945000000000119
76,750048954,1,16,0.3,0.08724999999999855
76,750048954,1,16,0.5,0.10669999999999641
76,750048954,1,32,0.0,0.04295000000000072
76,750048954,1,32,0.1,0.07285000000000014
76,750048954,1,32,0.3,0.0877499999999985
76,750048954,1,32,0.5,0.12559999999999433
76,750048954,1,64,0.0,0.04295000000000072
76,750048954,1,64,0.1,0.07285000000000014
76,750048954,1,64,0.3,0.09644999999999754
76,750048954,1,64,0.5,0.12559999999999433
76,750048954,2,4,0.0,0.021500000000000102
76,750048954,2,4,0.1,0.03430000000000047
76,750048954,2,4,0.3,0.039450000000000617
76,750048954,2,4,0.5,0.05045000000000093
76,750048954,4,16,0.0,0.021500000000000102
76,750048954,4,16,0.1,0.03430000000000047
76,750048954,4,16,0.3,0.045700000000000796
76,750048954,4,16,0.5,0.04540000000000079
76,750048954,4,32,0.0,0.021500000000000102
76,750048954,4,32,0.1,0.03430000000000047
76,750048954,4,32,0.3,0.045700000000000796
76,750048954,4,32,0.5,0.0459000000000008
76,750048954,2,32,0.0,0.021500000000000102
76,750048954,2,32,0.1,0.034850000000000485
76,750048954,2,32,0.3,0.04960000000000091
76,750048954,2,32,0.5,0.06290000000000123
76,750048954,2,64,0.0,0.03225000000000041
76,750048954,2,64,0.1,0.046700000000000824
76,750048954,2,64,0.3,0.07509999999999989
76,750048954,2,64,0.5,0.08259999999999906
76,750048954,8,8,0.0,0.021500000000000102
76,750048954,8,8,0.1,0.03430000000000047
76,750048954,8,8,0.3,0.02985000000000034
76,750048954,8,8,0.5,0.03495000000000049
76,750048954,8,16,0.0,0.021500000000000102
76,750048954,8,16,0.1,0.03430000000000047
76,750048954,8,16,0.3,0.035950000000000516
76,750048954,8,16,0.5,0.03495000000000049
75,740048953,8,32,0.0,0.021500000000000102
75,740048953,8,32,0.1,0.043200000000000724
75,740048953,8,32,0.3,0.04345000000000073
75,740048953,8,32,0.5,0.03460000000000048
75,740048953,8,64,0.0,0.021500000000000102
75,740048953,8,64,0.1,0.043200000000000724
75,740048953,8,64,0.3,0.052000000000000976
75,740048953,8,64,0.5,0.05485000000000106
76,750048954,4,64,0.0,0.021500000000000102
76,750048954,4,64,0.1,0.03670000000000054
76,750048954,4,64,0.3,0.045700000000000796
76,750048954,4,64,0.5,0.0459000000000008
76,750048954,8,4,0.0,0.021500000000000102
76,750048954,8,4,0.1,0.03430000000000047
76,750048954,8,4,0.3,0.02985000000000034
76,750048954,8,4,0.5,0.028300000000000297
77,760048955,1,4,0.0,0.021500000000000102
77,760048955,1,4,0.1,0.04610000000000081
77,760048955,1,4,0.3,0.04555000000000079
77,760048955,1,4,0.5,0.09464999999999774
77,760048955,1,8,0.0,0.021500000000000102
77,760048955,1,8,0.1,0.04610000000000081
77,760048955,1,8,0.3,0.06805000000000067
77,760048955,1,8,0.5,0.09464999999999774
77,760048955,2,8,0.0,0.021500000000000102
77,760048955,2,8,0.1,0.033500000000000446
77,760048955,2,8,0.3,0.048450000000000874
77,760048955,2,8,0.5,0.05150000000000096
77,760048955,2,16,0.0,0.021500000000000102
77,760048955,2,16,0.1,0.038350000000000585
77,760048955,2,16,0.3,0.05255000000000099
77,760048955,2,16,0.5,0.06810000000000066
77,760048955,4,4,0.0,0.021500000000000102
77,760048955,4,4,0.1,0.025750000000000224
77,760048955,4,4,0.3,0.028550000000000304
77,760048955,4,4,0.5,0.05150000000000096
77,760048955,4,8,0.0,0.021500000000000102
77,760048955,4,8,0.1,0.03465000000000048
77,760048955,4,8,0.3,0.03950000000000062
77,760048955,4,8,0.5,0.05150000000000096
77,760048955,1,16,0.0,0.021500000000000102
77,760048955,1,16,0.1,0.07250000000000018
77,760048955,1,16,0.3,0.06805000000000067
77,760048955,1,16,0.5,0.1040999999999967
77,760048955,1,32,0.0,0.04295000000000072
77,760048955,1,32,0.1,0.07250000000000018
77,760048955,1,32,0.3,0.10924999999999613
77,760048955,1,32,0.5,0.10474999999999662
77,760048955,1,64,0.0,0.04295000000000072
77,760048955,1,64,0.1,0.10664999999999641
77,760048955,1,64,0.3,0.13149999999999368
77,760048955,1,64,0.5,0.15469999999999112
77,760048955,2,4,0.0,0.021500000000000102
77,760048955,2,4,0.1,0.031050000000000376
77,760048955,2,4,0.3,0.048450000000000874
77,760048955,2,4,0.5,0.05150000000000096
77,760048955,4,16,0.0,0.021500000000000102
77,760048955,4,16,0.1,0.03465000000000048
77,760048955,4,16,0.3,0.03950000000000062
77,760048955,4,16,0.5,0.058900000000001174
77,760048955,4,32,0.0,0.021500000000000102
77,760048955,4,32,0.1,0.03475000000000048
77,760048955,4,32,0.3,0.049200000000000896
77,760048955,4,32,0.5,0.058900000000001174
76,750048954,8,32,0.0,0.021500000000000102
76,750048954,8,32,0.1,0.03430000000000047
76,750048954,8,32,0.3,0.035950000000000516
76,750048954,8,32,0.5,0.03745000000000056
76,750048954,8,64,0.0,0.021500000000000102
76,750048954,8,64,0.1,0.03430000000000047
76,750048954,8,64,0.3,0.036250000000000525
76,750048954,8,64,0.5,0.03955000000000062
77,760048955,2,32,0.0,0.03225000000000041
77,760048955,2,32,0.1,0.05080000000000094
77,760048955,2,32,0.3,0.08889999999999837
77,760048955,2,32,0.5,0.06520000000000098
77,760048955,2,64,0.0,0.03225000000000041
77,760048955,2,64,0.1,0.05520000000000107
77,760048955,2,64,0.3,0.09169999999999806
77,760048955,2,64,0.5,0.07869999999999949
77,760048955,8,8,0.0,0.021500000000000102
77,760048955,8,8,0.1,0.02455000000000019
77,760048955,8,8,0.3,0.03055000000000036
77,760048955,8,8,0.5,0.03500000000000049
77,760048955,8,16,0.0,0.021500000000000102
77,760048955,8,16,0.1,0.02420000000000018
77,760048955,8,16,0.3,0.03055000000000036
77,760048955,8,16,0.5,0.038000000000000575
77,760048955,4,64,0.0,0.021500000000000102
77,760048955,4,64,0.1,0.03925000000000061
77,760048955,4,64,0.3,0.049200000000000896
77,760048955,4,64,0.5,0.06280000000000124
77,760048955,8,4,0.0,0.021500000000000102
77,760048955,8,4,0.1,0.024450000000000187
77,760048955,8,4,0.3,0.03055000000000036
77,760048955,8,4,0.5,0.032800000000000426
78,770048956,1,4,0.0,0.021500000000000102
78,770048956,1,4,0.1,0.021500000000000102
78,770048956,1,4,0.3,0.04140000000000067
78,770048956,1,4,0.5,0.10464999999999663
78,770048956,1,8,0.0,0.021500000000000102
78,770048956,1,8,0.1,0.021500000000000102
78,770048956,1,8,0.3,0.07419999999999999
78,770048956,1,8,0.5,0.10464999999999663
78,770048956,4,4,0.0,0.021500000000000102
78,770048956,4,4,0.1,0.030600000000000363
78,770048956,4,4,0.3,0.029950000000000344
78,770048956,4,4,0.5,0.04295000000000072
78,770048956,4,8,0.0,0.021500000000000102
78,770048956,4,8,0.1,0.03080000000000037
78,770048956,4,8,0.3,0.030750000000000367
78,770048956,4,8,0.5,0.049850000000000914
78,770048956,2,8,0.0,0.021500000000000102
78,770048956,2,8,0.1,0.030600000000000363
78,770048956,2,8,0.3,0.04125000000000067
78,770048956,2,8,0.5,0.07310000000000011
78,770048956,2,16,0.0,0.021500000000000102
78,770048956,2,16,0.1,0.04205000000000069
78,770048956,2,16,0.3,0.06045000000000122
78,770048956,2,16,0.5,0.07310000000000011
78,770048956,1,16,0.0,0.021500000000000102
78,770048956,1,16,0.1,0.06555000000000094
78,770048956,1,16,0.3,0.11429999999999557
78,770048956,1,16,0.5,0.10464999999999663
78,770048956,1,32,0.0,0.04295000000000072
78,770048956,1,32,0.1,0.06555000000000094
78,770048956,1,32,0.3,0.09004999999999824
78,770048956,1,32,0.5,0.10754999999999632
78,770048956,1,64,0.0,0.04295000000000072
78,770048956,1,64,0.1,0.09189999999999804
78,770048956,1,64,0.3,0.10179999999999695
78,770048956,1,64,0.5,0.1185499999999951
78,770048956,2,4,0.0,0.021500000000000102
78,770048956,2,4,0.1,0.030600000000000363
78,770048956,2,4,0.3,0.030650000000000364
78,770048956,2,4,0.5,0.05065000000000094
78,770048956,4,16,0.0,0.021500000000000102
78,770048956,4,16,0.1,0.03080000000000037
78,770048956,4,16,0.3,0.05455000000000105
78,770048956,4,16,0.5,0.049850000000000914
78,770048956,4,32,0.0,0.021500000000000102
78,770048956,4,32,0.1,0.03080000000000037
78,770048956,4,32,0.3,0.05455000000000105
78,770048956,4,32,0.5,0.06110000000000124
78,770048956,8,8,0.0,0.021500000000000102
78,770048956,8,8,0.1,0.02460000000000019
78,770048956,8,8,0.3,0.02950000000000033
78,770048956,8,8,0.5,0.029550000000000333
78,770048956,8,16,0.0,0.021500000000000102
78,770048956,8,16,0.1,0.024700000000000194
78,770048956,8,16,0.3,0.035550000000000505
78,770048956,8,16,0.5,0.03445000000000047
78,770048956,2,32,0.0,0.021500000000000102
78,770048956,2,32,0.1,0.051250000000000955
78,770048956,2,32,0.3,0.06230000000000127
78,770048956,2,32,0.5,0.07310000000000011
78,770048956,2,64,0.0,0.03225000000000041
78,770048956,2,64,0.1,0.051650000000000966
78,770048956,2,64,0.3,0.083199999999999
78,770048956,2,64,0.5,0.07310000000000011
78,770048956,4,64,0.0,0.021500000000000102
78,770048956,4,64,0.1,0.03565000000000051
78,770048956,4,64,0.3,0.055150000000001066
78,770048956,4,64,0.5,0.06110000000000124
78,770048956,8,4,0.0,0.021500000000000102
78,770048956,8,4,0.1,0.02630000000000024
78,770048956,8,4,0.3,0.02415000000000018
78,770048956,8,4,0.5,0.02800000000000029
77,760048955,8,32,0.0,0.021500000000000102
77,760048955,8,32,0.1,0.02625000000000024
77,760048955,8,32,0.3,0.03305000000000043
77,760048955,8,32,0.5,0.04665000000000082
77,760048955,8,64,0.0,0.021500000000000102
77,760048955,8,64,0.1,0.0354500000000005
77,760048955,8,64,0.3,0.033150000000000436
77,760048955,8,64,0.5,0.04680000000000083
79,780048957,1,4,0.0,0.021500000000000102
79,780048957,1,4,0.1,0.05400000000000103
79,780048957,1,4,0.3,0.06285000000000124
79,780048957,1,4,0.5,0.08829999999999844
79,780048957,1,8,0.0,0.021500000000000102
79,780048957,1,8,0.1,0.038000000000000575
79,780048957,1,8,0.3,0.05875000000000117
79,780048957,1,8,0.5,0.1094499999999961
79,780048957,2,8,0.0,0.021500000000000102
79,780048957,2,8,0.1,0.030350000000000356
79,780048957,2,8,0.3,0.0424000000000007
79,780048957,2,8,0.5,0.062400000000001274
79,780048957,2,16,0.0,0.021500000000000102
79,780048957,2,16,0.1,0.03080000000000037
79,780048957,2,16,0.3,0.04835000000000087
79,780048957,2,16,0.5,0.062400000000001274
79,780048957,4,4,0.0,0.021500000000000102
79,780048957,4,4,0.1,0.025450000000000216
79,780048957,4,4,0.3,0.05425000000000104
79,780048957,4,4,0.5,0.06055000000000122
79,780048957,4,8,0.0,0.021500000000000102
79,780048957,4,8,0.1,0.026750000000000253
79,780048957,4,8,0.3,0.031050000000000376
79,780048957,4,8,0.5,0.04030000000000064
79,780048957,1,16,0.0,0.04295000000000072
79,780048957,1,16,0.1,0.04295000000000072
79,780048957,1,16,0.3,0.06040000000000122
79,780048957,1,16,0.5,0.1258499999999943
79,780048957,1,32,0.0,0.04295000000000072
79,780048957,1,32,0.1,0.05180000000000097
79,780048957,1,32,0.3,0.09109999999999813
79,780048957,1,32,0.5,0.1258499999999943
79,780048957,4,16,0.0,0.021500000000000102
79,780048957,4,16,0.1,0.02665000000000025
79,780048957,4,16,0.3,0.032450000000000416
79,780048957,4,16,0.5,0.04455000000000076
79,780048957,4,32,0.0,0.021500000000000102
79,780048957,4,32,0.1,0.03635000000000053
79,780048957,4,32,0.3,0.040100000000000635
79,780048957,4,32,0.5,0.04750000000000085
79,780048957,1,64,0.0,0.04295000000000072
79,780048957,1,64,0.1,0.05835000000000116
79,780048957,1,64,0.3,0.09449999999999775
79,780048957,1,64,0.5,0.1258499999999943
79,780048957,2,4,0.0,0.021500000000000102
79,780048957,2,4,0.1,0.030000000000000346
79,780048957,2,4,0.3,0.06225000000000127
79,780048957,2,4,0.5,0.07764999999999961
79,780048957,2,32,0.0,0.021500000000000102
79,780048957,2,32,0.1,0.05215000000000098
79,780048957,2,32,0.3,0.04610000000000081
79,780048957,2,32,0.5,0.07370000000000004
79,780048957,2,64,0.0,0.03225000000000041
79,780048957,2,64,0.1,0.05215000000000098
79,780048957,2,64,0.3,0.06345000000000117
79,780048957,2,64,0.5,0.08754999999999852
79,780048957,8,8,0.0,0.021500000000000102
79,780048957,8,8,0.1,0.023650000000000164
79,780048957,8,8,0.3,0.02700000000000026
79,780048957,8,8,0.5,0.033450000000000445
79,780048957,8,16,0.0,0.021500000000000102
79,780048957,8,16,0.1,0.02555000000000022
79,780048957,8,16,0.3,0.02915000000000032
79,780048957,8,16,0.5,0.03710000000000055
78,770048956,8,32,0.0,0.021500000000000102
78,770048956,8,32,0.1,0.025400000000000214
78,770048956,8,32,0.3,0.037650000000000565
78,770048956,8,32,0.5,0.04995000000000092
78,770048956,8,64,0.0,0.021500000000000102
78,770048956,8,64,0.1,0.03250000000000042
78,770048956,8,64,0.3,0.03790000000000057
78,770048956,8,64,0.5,0.05080000000000094
79,780048957,4,64,0.0,0.021500000000000102
79,780048957,4,64,0.1,0.03635000000000053
79,780048957,4,64,0.3,0.04065000000000065
79,780048957,4,64,0.5,0.06025000000000121
79,780048957,8,4,0.0,0.021500000000000102
79,780048957,8,4,0.1,0.025500000000000217
79,780048957,8,4,0.3,0.030000000000000346
79,780048957,8,4,0.5,0.03810000000000058
80,790048958,1,4,0.0,0.021500000000000102
80,790048958,1,4,0.1,0.02355000000000016
80,790048958,1,4,0.3,0.07290000000000013
80,790048958,1,4,0.5,0.10899999999999616
80,790048958,1,8,0.0,0.021500000000000102
80,790048958,1,8,0.1,0.05245000000000099
80,790048958,1,8,0.3,0.07290000000000013
80,790048958,1,8,0.5,0.0868499999999986
80,790048958,2,8,0.0,0.021500000000000102
80,790048958,2,8,0.1,0.03810000000000058
80,790048958,2,8,0.3,0.050250000000000926
80,790048958,2,8,0.5,0.06620000000000087
80,790048958,2,16,0.0,0.021500000000000102
80,790048958,2,16,0.1,0.04695000000000083
80,790048958,2,16,0.3,0.050250000000000926
80,790048958,2,16,0.5,0.07270000000000015
80,790048958,4,4,0.0,0.021500000000000102
80,790048958,4,4,0.1,0.025450000000000216
80,790048958,4,4,0.3,0.027850000000000284
80,790048958,4,4,0.5,0.04550000000000079
80,790048958,4,8,0.0,0.021500000000000102
80,790048958,4,8,0.1,0.03050000000000036
80,790048958,4,8,0.3,0.02800000000000029
80,790048958,4,8,0.5,0.04550000000000079
80,790048958,1,16,0.0,0.021500000000000102
80,790048958,1,16,0.1,0.06340000000000118
80,790048958,1,16,0.3,0.07290000000000013
80,790048958,1,16,0.5,0.09744999999999743
80,790048958,1,32,0.0,0.04295000000000072
80,790048958,1,32,0.1,0.07464999999999994
80,790048958,1,32,0.3,0.07290000000000013
80,790048958,1,32,0.5,0.13429999999999337
80,790048958,1,64,0.0,0.04295000000000072
80,790048958,1,64,0.1,0.07939999999999942
80,790048958,1,64,0.3,0.11234999999999579
80,790048958,1,64,0.5,0.15204999999999141
80,790048958,2,4,0.0,0.021500000000000102
80,790048958,2,4,0.1,0.029550000000000333
80,790048958,2,4,0.3,0.04050000000000065
80,790048958,2,4,0.5,0.0722500000000002
80,790048958,4,16,0.0,0.021500000000000102
80,790048958,4,16,0.1,0.04695000000000083
80,790048958,4,16,0.3,0.032750000000000425
80,790048958,4,16,0.5,0.062450000000001275
80,790048958,4,32,0.0,0.021500000000000102
80,790048958,4,32,0.1,0.04695000000000083
80,790048958,4,32,0.3,0.04645000000000082
80,790048958,4,32,0.5,0.06330000000000119
79,780048957,8,32,0.0,0.021500000000000102
79,780048957,8,32,0.1,0.0283500000000003
79,780048957,8,32,0.3,0.03465000000000048
79,780048957,8,32,0.5,0.03635000000000053
79,780048957,8,64,0.0,0.021500000000000102
79,780048957,8,64,0.1,0.0283500000000003
79,780048957,8,64,0.3,0.037650000000000565
79,780048957,8,64,0.5,0.04195000000000069
80,790048958,8,8,0.0,0.021500000000000102
80,790048958,8,8,0.1,0.030700000000000366
80,790048958,8,8,0.3,0.02625000000000024
80,790048958,8,8,0.5,0.035950000000000516
80,790048958,8,16,0.0,0.021500000000000102
80,790048958,8,16,0.1,0.030700000000000366
80,790048958,8,16,0.3,0.0283500000000003
80,790048958,8,16,0.5,0.03620000000000052
80,790048958,2,32,0.0,0.03225000000000041
80,790048958,2,32,0.1,0.05015000000000092
80,790048958,2,32,0.3,0.050250000000000926
80,790048958,2,32,0.5,0.10159999999999697
80,790048958,2,64,0.0,0.03225000000000041
80,790048958,2,64,0.1,0.060300000000001214
80,790048958,2,64,0.3,0.0695000000000005
80,790048958,2,64,0.5,0.10159999999999697
80,790048958,4,64,0.0,0.021500000000000102
80,790048958,4,64,0.1,0.04695000000000083
80,790048958,4,64,0.3,0.053400000000001016
80,790048958,4,64,0.5,0.07474999999999993
80,790048958,8,4,0.0,0.021500000000000102
80,790048958,8,4,0.1,0.022200000000000122
80,790048958,8,4,0.3,0.02280000000000014
80,790048958,8,4,0.5,0.03465000000000048
81,800048959,1,4,0.0,0.021500000000000102
81,800048959,1,4,0.1,0.05080000000000094
81,800048959,1,4,0.3,0.07220000000000021
81,800048959,1,4,0.5,0.08484999999999882
81,800048959,1,8,0.0,0.021500000000000102
81,800048959,1,8,0.1,0.03670000000000054
81,800048959,1,8,0.3,0.09439999999999776
81,800048959,1,8,0.5,0.11124999999999591
81,800048959,4,4,0.0,0.021500000000000102
81,800048959,4,4,0.1,0.03130000000000038
81,800048959,4,4,0.3,0.028550000000000304
81,800048959,4,4,0.5,0.031100000000000377
81,800048959,4,8,0.0,0.021500000000000102
81,800048959,4,8,0.1,0.02630000000000024
81,800048959,4,8,0.3,0.038300000000000584
81,800048959,4,8,0.5,0.046050000000000806
81,800048959,2,8,0.0,0.021500000000000102
81,800048959,2,8,0.1,0.03130000000000038
81,800048959,2,8,0.3,0.05240000000000099
81,800048959,2,8,0.5,0.06050000000000122
81,800048959,2,16,0.0,0.021500000000000102
81,800048959,2,16,0.1,0.03825000000000058
81,800048959,2,16,0.3,0.05240000000000099
81,800048959,2,16,0.5,0.05805000000000115
81,800048959,1,16,0.0,0.04295000000000072
81,800048959,1,16,0.1,0.0686000000000006
81,800048959,1,16,0.3,0.09754999999999742
81,800048959,1,16,0.5,0.11124999999999591
81,800048959,1,32,0.0,0.04295000000000072
81,800048959,1,32,0.1,0.0686000000000006
81,800048959,1,32,0.3,0.09754999999999742
81,800048959,1,32,0.5,0.1475499999999919
81,800048959,1,64,0.0,0.06445000000000106
81,800048959,1,64,0.1,0.08339999999999897
81,800048959,1,64,0.3,0.128599999999994
81,800048959,1,64,0.5,0.1475499999999919
81,800048959,2,4,0.0,0.021500000000000102
81,800048959,2,4,0.1,0.03130000000000038
81,800048959,2,4,0.3,0.037950000000000574
81,800048959,2,4,0.5,0.052750000000001
81,800048959,4,16,0.0,0.021500000000000102
81,800048959,4,16,0.1,0.0319000000000004
81,800048959,4,16,0.3,0.0353500000000005
81,800048959,4,16,0.5,0.04690000000000083
81,800048959,4,32,0.0,0.021500000000000102
81,800048959,4,32,0.1,0.0319000000000004
81,800048959,4,32,0.3,0.0353500000000005
81,800048959,4,32,0.5,0.04690000000000083
81,800048959,8,8,0.0,0.021500000000000102
81,800048959,8,8,0.1,0.023950000000000173
81,800048959,8,8,0.3,0.029550000000000333
81,800048959,8,8,0.5,0.03410000000000046
81,800048959,8,16,0.0,0.021500000000000102
81,800048959,8,16,0.1,0.0248500000000002
81,800048959,8,16,0.3,0.030300000000000354
81,800048959,8,16,0.5,0.02940000000000033
81,800048959,2,32,0.0,0.021500000000000102
81,800048959,2,32,0.1,0.03825000000000058
81,800048959,2,32,0.3,0.05240000000000099
81,800048959,2,32,0.5,0.08144999999999919
81,800048959,2,64,0.0,0.03225000000000041
81,800048959,2,64,0.1,0.06360000000000116
81,800048959,2,64,0.3,0.08184999999999915
81,800048959,2,64,0.5,0.08794999999999847
80,790048958,8,32,0.0,0.021500000000000102
80,790048958,8,32,0.1,0.030700000000000366
80,790048958,8,32,0.3,0.03330000000000044
80,790048958,8,32,0.5,0.046700000000000824
80,790048958,8,64,0.0,0.021500000000000102
80,790048958,8,64,0.1,0.03365000000000045
80,790048958,8,64,0.3,0.037350000000000556
80,790048958,8,64,0.5,0.061750000000001255
81,800048959,4,64,0.0,0.021500000000000102
81,800048959,4,64,0.1,0.04480000000000077
81,800048959,4,64,0.3,0.052900000000001
81,800048959,4,64,0.5,0.05660000000000111
81,800048959,8,4,0.0,0.021500000000000102
81,800048959,8,4,0.1,0.025000000000000203
81,800048959,8,4,0.3,0.0283500000000003
81,800048959,8,4,0.5,0.02735000000000027
82,810048960,1,4,0.0,0.021500000000000102
82,810048960,1,4,0.1,0.039050000000000605
82,810048960,1,4,0.3,0.09739999999999743
82,810048960,1,4,0.5,0.07385000000000003
82,810048960,1,8,0.0,0.021500000000000102
82,810048960,1,8,0.1,0.04065000000000065
82,810048960,1,8,0.3,0.09479999999999772
82,810048960,1,8,0.5,0.10839999999999622
82,810048960,4,4,0.0,0.021500000000000102
82,810048960,4,4,0.1,0.02775000000000028
82,810048960,4,4,0.3,0.03090000000000037
82,810048960,4,4,0.5,0.0318500000000004
82,810048960,4,8,0.0,0.021500000000000102
82,810048960,4,8,0.1,0.02775000000000028
82,810048960,4,8,0.3,0.029200000000000323
82,810048960,4,8,0.5,0.05535000000000107
82,810048960,2,8,0.0,0.021500000000000102
82,810048960,2,8,0.1,0.03745000000000056
82,810048960,2,8,0.3,0.05240000000000099
82,810048960,2,8,0.5,0.07419999999999999
82,810048960,2,16,0.0,0.021500000000000102
82,810048960,2,16,0.1,0.03745000000000056
82,810048960,2,16,0.3,0.05240000000000099
82,810048960,2,16,0.5,0.07330000000000009
82,810048960,1,64,0.0,0.04295000000000072
82,810048960,1,64,0.1,0.10164999999999697
82,810048960,1,64,0.3,0.11694999999999528
82,810048960,1,64,0.5,0.12539999999999435
82,810048960,2,4,0.0,0.021500000000000102
82,810048960,2,4,0.1,0.02870000000000031
82,810048960,2,4,0.3,0.052000000000000976
82,810048960,2,4,0.5,0.038650000000000594
82,810048960,4,16,0.0,0.021500000000000102
82,810048960,4,16,0.1,0.02775000000000028
82,810048960,4,16,0.3,0.04090000000000066
82,810048960,4,16,0.5,0.04555000000000079
82,810048960,4,32,0.0,0.021500000000000102
82,810048960,4,32,0.1,0.03705000000000055
82,810048960,4,32,0.3,0.04090000000000066
82,810048960,4,32,0.5,0.04555000000000079
82,810048960,1,16,0.0,0.021500000000000102
82,810048960,1,16,0.1,0.06785000000000069
82,810048960,1,16,0.3,0.09479999999999772
82,810048960,1,16,0.5,0.10839999999999622
82,810048960,1,32,0.0,0.04295000000000072
82,810048960,1,32,0.1,0.09274999999999795
82,810048960,1,32,0.3,0.09479999999999772
82,810048960,1,32,0.5,0.11359999999999565
82,810048960,8,8,0.0,0.021500000000000102
82,810048960,8,8,0.1,0.0249000000000002
82,810048960,8,8,0.3,0.03120000000000038
82,810048960,8,8,0.5,0.034900000000000486
82,810048960,8,16,0.0,0.021500000000000102
82,810048960,8,16,0.1,0.02530000000000021
82,810048960,8,16,0.3,0.03120000000000038
82,810048960,8,16,0.5,0.034900000000000486
81,800048959,8,32,0.0,0.021500000000000102
81,800048959,8,32,0.1,0.03015000000000035
81,800048959,8,32,0.3,0.030300000000000354
81,800048959,8,32,0.5,0.03965000000000062
81,800048959,8,64,0.0,0.021500000000000102
81,800048959,8,64,0.1,0.038350000000000585
81,800048959,8,64,0.3,0.04560000000000079
81,800048959,8,64,0.5,0.046000000000000804
82,810048960,2,32,0.0,0.021500000000000102
82,810048960,2,32,0.1,0.05525000000000107
82,810048960,2,32,0.3,0.052900000000001
82,810048960,2,32,0.5,0.07330000000000009
82,810048960,2,64,0.0,0.04295000000000072
82,810048960,2,64,0.1,0.05710000000000112
82,810048960,2,64,0.3,0.11149999999999588
82,810048960,2,64,0.5,0.11509999999999548
82,810048960,4,64,0.0,0.026850000000000256
82,810048960,4,64,0.1,0.03705000000000055
82,810048960,4,64,0.3,0.06705000000000078
82,810048960,4,64,0.5,0.07709999999999967
82,810048960,8,4,0.0,0.021500000000000102
82,810048960,8,4,0.1,0.024750000000000195
82,810048960,8,4,0.3,0.023650000000000164
82,810048960,8,4,0.5,0.02770000000000028
83,820048961,1,4,0.0,0.021500000000000102
83,820048961,1,4,0.1,0.04755000000000085
83,820048961,1,4,0.3,0.08414999999999889
83,820048961,1,4,0.5,0.0967999999999975
83,820048961,1,8,0.0,0.021500000000000102
83,820048961,1,8,0.1,0.05175000000000097
83,820048961,1,8,0.3,0.08414999999999889
83,820048961,1,8,0.5,0.0976999999999974
83,820048961,4,4,0.0,0.021500000000000102
83,820048961,4,4,0.1,0.0283500000000003
83,820048961,4,4,0.3,0.029650000000000336
83,820048961,4,4,0.5,0.04125000000000067
83,820048961,4,8,0.0,0.021500000000000102
83,820048961,4,8,0.1,0.0283500000000003
83,820048961,4,8,0.3,0.029650000000000336
83,820048961,4,8,0.5,0.030400000000000357
83,820048961,2,8,0.0,0.021500000000000102
83,820048961,2,8,0.1,0.05175000000000097
83,820048961,2,8,0.3,0.049900000000000916
83,820048961,2,8,0.5,0.04900000000000089
83,820048961,2,16,0.0,0.021500000000000102
83,820048961,2,16,0.1,0.052850000000001
83,820048961,2,16,0.3,0.04995000000000092
83,820048961,2,16,0.5,0.07989999999999936
83,820048961,1,64,0.0,0.04295000000000072
83,820048961,1,64,0.1,0.09099999999999814
83,820048961,1,64,0.3,0.09919999999999723
83,820048961,1,64,0.5,0.1330999999999935
83,820048961,2,4,0.0,0.021500000000000102
83,820048961,2,4,0.1,0.03575000000000051
83,820048961,2,4,0.3,0.049900000000000916
83,820048961,2,4,0.5,0.05665000000000111
83,820048961,1,16,0.0,0.021500000000000102
83,820048961,1,16,0.1,0.07469999999999993
83,820048961,1,16,0.3,0.08414999999999889
83,820048961,1,16,0.5,0.1040499999999967
83,820048961,1,32,0.0,0.04295000000000072
83,820048961,1,32,0.1,0.07469999999999993
83,820048961,1,32,0.3,0.08979999999999827
83,820048961,1,32,0.5,0.1330999999999935
83,820048961,4,16,0.0,0.021500000000000102
83,820048961,4,16,0.1,0.032100000000000406
83,820048961,4,16,0.3,0.035550000000000505
83,820048961,4,16,0.5,0.04385000000000074
83,820048961,4,32,0.0,0.021500000000000102
83,820048961,4,32,0.1,0.032100000000000406
83,820048961,4,32,0.3,0.042500000000000704
83,820048961,4,32,0.5,0.055850000000001086
82,810048960,8,32,0.0,0.021500000000000102
82,810048960,8,32,0.1,0.02530000000000021
82,810048960,8,32,0.3,0.038000000000000575
82,810048960,8,32,0.5,0.036300000000000526
82,810048960,8,64,0.0,0.021500000000000102
82,810048960,8,64,0.1,0.0284500000000003
82,810048960,8,64,0.3,0.039750000000000625
82,810048960,8,64,0.5,0.052650000000000995
83,820048961,8,8,0.0,0.021500000000000102
83,820048961,8,8,0.1,0.02350000000000016
83,820048961,8,8,0.3,0.02870000000000031
83,820048961,8,8,0.5,0.040450000000000645
83,820048961,8,16,0.0,0.021500000000000102
83,820048961,8,16,0.1,0.03055000000000036
83,820048961,8,16,0.3,0.02870000000000031
83,820048961,8,16,0.5,0.040450000000000645
83,820048961,2,32,0.0,0.03225000000000041
83,820048961,2,32,0.1,0.052850000000001
83,820048961,2,32,0.3,0.07055000000000039
83,820048961,2,32,0.5,0.10389999999999672
83,820048961,2,64,0.0,0.03225000000000041
83,820048961,2,64,0.1,0.0641500000000011
83,820048961,2,64,0.3,0.10459999999999664
83,820048961,2,64,0.5,0.09744999999999743
83,820048961,4,64,0.0,0.021500000000000102
83,820048961,4,64,0.1,0.04560000000000079
83,820048961,4,64,0.3,0.050200000000000924
83,820048961,4,64,0.5,0.05035000000000093
83,820048961,8,4,0.0,0.021500000000000102
83,820048961,8,4,0.1,0.02350000000000016
83,820048961,8,4,0.3,0.02765000000000028
83,820048961,8,4,0.5,0.030600000000000363
84,830048962,1,4,0.0,0.021500000000000102
84,830048962,1,4,0.1,0.03960000000000062
84,830048962,1,4,0.3,0.07405
84,830048962,1,4,0.5,0.0994999999999972
84,830048962,1,8,0.0,0.04295000000000072
84,830048962,1,8,0.1,0.04295000000000072
84,830048962,1,8,0.3,0.1158499999999954
84,830048962,1,8,0.5,0.13359999999999345
84,830048962,4,4,0.0,0.021500000000000102
84,830048962,4,4,0.1,0.02455000000000019
84,830048962,4,4,0.3,0.027550000000000276
84,830048962,4,4,0.5,0.044300000000000755
84,830048962,4,8,0.0,0.021500000000000102
84,830048962,4,8,0.1,0.02905000000000032
84,830048962,4,8,0.3,0.03375000000000045
84,830048962,4,8,0.5,0.04345000000000073
84,830048962,2,8,0.0,0.021500000000000102
84,830048962,2,8,0.1,0.033800000000000455
84,830048962,2,8,0.3,0.05520000000000107
84,830048962,2,8,0.5,0.06660000000000083
84,830048962,2,16,0.0,0.021500000000000102
84,830048962,2,16,0.1,0.03710000000000055
84,830048962,2,16,0.3,0.06730000000000075
84,830048962,2,16,0.5,0.07809999999999956
84,830048962,1,16,0.0,0.04295000000000072
84,830048962,1,16,0.1,0.06820000000000065
84,830048962,1,16,0.3,0.1158499999999954
84,830048962,1,16,0.5,0.13359999999999345
84,830048962,1,32,0.0,0.04295000000000072
84,830048962,1,32,0.1,0.07155000000000028
84,830048962,1,32,0.3,0.1158499999999954
84,830048962,1,32,0.5,0.13359999999999345
84,830048962,1,64,0.0,0.04295000000000072
84,830048962,1,64,0.1,0.08079999999999926
84,830048962,1,64,0.3,0.12074999999999486
84,830048962,1,64,0.5,0.14714999999999195
84,830048962,2,4,0.0,0.021500000000000102
84,830048962,2,4,0.1,0.033800000000000455
84,830048962,2,4,0.3,0.04445000000000076
84,830048962,2,4,0.5,0.052850000000001
84,830048962,4,16,0.0,0.021500000000000102
84,830048962,4,16,0.1,0.02905000000000032
84,830048962,4,16,0.3,0.04375000000000074
84,830048962,4,16,0.5,0.04345000000000073
84,830048962,4,32,0.0,0.021500000000000102
84,830048962,4,32,0.1,0.03715000000000055
84,830048962,4,32,0.3,0.054050000000001035
84,830048962,4,32,0.5,0.05225000000000098
83,820048961,8,32,0.0,0.021500000000000102
83,820048961,8,32,0.1,0.03285000000000043
83,820048961,8,32,0.3,0.029900000000000343
83,820048961,8,32,0.5,0.040450000000000645
83,820048961,8,64,0.0,0.021500000000000102
83,820048961,8,64,0.1,0.03465000000000048
83,820048961,8,64,0.3,0.040800000000000655
83,820048961,8,64,0.5,0.04305000000000072
84,830048962,8,8,0.0,0.021500000000000102
84,830048962,8,8,0.1,0.02455000000000019
84,830048962,8,8,0.3,0.025400000000000214
84,830048962,8,8,0.5,0.03390000000000046
84,830048962,8,16,0.0,0.021500000000000102
84,830048962,8,16,0.1,0.02455000000000019
84,830048962,8,16,0.3,0.03155000000000039
84,830048962,8,16,0.5,0.03615000000000052
84,830048962,2,32,0.0,0.021500000000000102
84,830048962,2,32,0.1,0.03715000000000055
84,830048962,2,32,0.3,0.06730000000000075
84,830048962,2,32,0.5,0.07809999999999956
84,830048962,2,64,0.0,0.03225000000000041
84,830048962,2,64,0.1,0.06605000000000089
84,830048962,2,64,0.3,0.08214999999999911
84,830048962,2,64,0.5,0.0986499999999973
84,830048962,4,64,0.0,0.021500000000000102
84,830048962,4,64,0.1,0.03820000000000058
84,830048962,4,64,0.3,0.054050000000001035
84,830048962,4,64,0.5,0.07245000000000018
84,830048962,8,4,0.0,0.021500000000000102
84,830048962,8,4,0.1,0.02455000000000019
84,830048962,8,4,0.3,0.02520000000000021
84,830048962,8,4,0.5,0.03145000000000039
85,840048963,4,4,0.0,0.021500000000000102
85,840048963,4,4,0.1,0.022400000000000128
85,840048963,4,4,0.3,0.03580000000000051
85,840048963,4,4,0.5,0.03460000000000048
85,840048963,4,8,0.0,0.021500000000000102
85,840048963,4,8,0.1,0.02520000000000021
85,840048963,4,8,0.3,0.03580000000000051
85,840048963,4,8,0.5,0.040100000000000635
85,840048963,1,4,0.0,0.021500000000000102
85,840048963,1,4,0.1,0.030400000000000357
85,840048963,1,4,0.3,0.065000000000001
85,840048963,1,4,0.5,0.09104999999999813
85,840048963,1,8,0.0,0.04295000000000072
85,840048963,1,8,0.1,0.07639999999999975
85,840048963,1,8,0.3,0.08174999999999916
85,840048963,1,8,0.5,0.11394999999999561
85,840048963,2,8,0.0,0.03225000000000041
85,840048963,2,8,0.1,0.05320000000000101
85,840048963,2,8,0.3,0.054750000000001055
85,840048963,2,8,0.5,0.08434999999999887
85,840048963,2,16,0.0,0.03225000000000041
85,840048963,2,16,0.1,0.05320000000000101
85,840048963,2,16,0.3,0.07419999999999999
85,840048963,2,16,0.5,0.08969999999999828
85,840048963,1,64,0.0,0.04295000000000072
85,840048963,1,64,0.1,0.10334999999999678
85,840048963,1,64,0.3,0.12239999999999468
85,840048963,1,64,0.5,0.14999999999999164
85,840048963,2,4,0.0,0.021500000000000102
85,840048963,2,4,0.1,0.030400000000000357
85,840048963,2,4,0.3,0.04685000000000083
85,840048963,2,4,0.5,0.05080000000000094
85,840048963,1,16,0.0,0.04295000000000072
85,840048963,1,16,0.1,0.07639999999999975
85,840048963,1,16,0.3,0.10464999999999663
85,840048963,1,16,0.5,0.12179999999999475
85,840048963,1,32,0.0,0.04295000000000072
85,840048963,1,32,0.1,0.07924999999999943
85,840048963,1,32,0.3,0.12239999999999468
85,840048963,1,32,0.5,0.14999999999999164
85,840048963,4,16,0.0,0.021500000000000102
85,840048963,4,16,0.1,0.03125000000000038
85,840048963,4,16,0.3,0.03615000000000052
85,840048963,4,16,0.5,0.04455000000000076
85,840048963,4,32,0.0,0.021500000000000102
85,840048963,4,32,0.1,0.0319000000000004
85,840048963,4,32,0.3,0.04855000000000088
85,840048963,4,32,0.5,0.04965000000000091
85,840048963,8,8,0.0,0.021500000000000102
85,840048963,8,8,0.1,0.022650000000000135
85,840048963,8,8,0.3,0.032450000000000416
85,840048963,8,8,0.5,0.03460000000000048
85,840048963,8,16,0.0,0.021500000000000102
85,840048963,8,16,0.1,0.026800000000000254
85,840048963,8,16,0.3,0.032450000000000416
85,840048963,8,16,0.5,0.03850000000000059
84,830048962,8,32,0.0,0.021500000000000102
84,830048962,8,32,0.1,0.026100000000000234
84,830048962,8,32,0.3,0.04620000000000081
84,830048962,8,32,0.5,0.03635000000000053
84,830048962,8,64,0.0,0.021500000000000102
84,830048962,8,64,0.1,0.02945000000000033
84,830048962,8,64,0.3,0.04620000000000081
84,830048962,8,64,0.5,0.05325000000000101
85,840048963,2,32,0.0,0.03225000000000041
85,840048963,2,32,0.1,0.05320000000000101
85,840048963,2,32,0.3,0.08189999999999914
85,840048963,2,32,0.5,0.1031499999999968
85,840048963,2,64,0.0,0.03225000000000041
85,840048963,2,64,0.1,0.05320000000000101
85,840048963,2,64,0.3,0.08219999999999911
85,840048963,2,64,0.5,0.1031499999999968
85,840048963,4,64,0.0,0.021500000000000102
85,840048963,4,64,0.1,0.03755000000000056
85,840048963,4,64,0.3,0.04900000000000089
85,840048963,4,64,0.5,0.05570000000000108
85,840048963,8,4,0.0,0.021500000000000102
85,840048963,8,4,0.1,0.021950000000000115
85,840048963,8,4,0.3,0.032450000000000416
85,840048963,8,4,0.5,0.03460000000000048
86,850048964,2,8,0.0,0.021500000000000102
86,850048964,2,8,0.1,0.03320000000000044
86,850048964,2,8,0.3,0.05345000000000102
86,850048964,2,8,0.5,0.050900000000000944
86,850048964,2,16,0.0,0.021500000000000102
86,850048964,2,16,0.1,0.04420000000000075
86,850048964,2,16,0.3,0.05345000000000102
86,850048964,2,16,0.5,0.052750000000001
86,850048964,4,4,0.0,0.021500000000000102
86,850048964,4,4,0.1,0.024350000000000184
86,850048964,4,4,0.3,0.029200000000000323
86,850048964,4,4,0.5,0.03325000000000044
86,850048964,4,8,0.0,0.021500000000000102
86,850048964,4,8,0.1,0.028850000000000313
86,850048964,4,8,0.3,0.03505000000000049
86,850048964,4,8,0.5,0.033450000000000445
86,850048964,1,4,0.0,0.021500000000000102
86,850048964,1,4,0.1,0.04655000000000082
86,850048964,1,4,0.3,0.10069999999999707
86,850048964,1,4,0.5,0.0794999999999994
86,850048964,1,8,0.0,0.021500000000000102
86,850048964,1,8,0.1,0.058900000000001174
86,850048964,1,8,0.3,0.10069999999999707
86,850048964,1,8,0.5,0.07634999999999975
86,850048964,4,16,0.0,0.021500000000000102
86,850048964,4,16,0.1,0.028850000000000313
86,850048964,4,16,0.3,0.03785000000000057
86,850048964,4,16,0.5,0.046750000000000826
86,850048964,4,32,0.0,0.021500000000000102
86,850048964,4,32,0.1,0.028850000000000313
86,850048964,4,32,0.3,0.04015000000000064
86,850048964,4,32,0.5,0.04650000000000082
86,850048964,1,64,0.0,0.04295000000000072
86,850048964,1,64,0.1,0.07749999999999962
86,850048964,1,64,0.3,0.1267999999999942
86,850048964,1,64,0.5,0.15734999999999083
86,850048964,2,4,0.0,0.021500000000000102
86,850048964,2,4,0.1,0.03130000000000038
86,850048964,2,4,0.3,0.05345000000000102
86,850048964,2,4,0.5,0.050900000000000944
86,850048964,1,16,0.0,0.021500000000000102
86,850048964,1,16,0.1,0.058900000000001174
86,850048964,1,16,0.3,0.10069999999999707
86,850048964,1,16,0.5,0.09284999999999793
86,850048964,1,32,0.0,0.04295000000000072
86,850048964,1,32,0.1,0.07749999999999962
86,850048964,1,32,0.3,0.10069999999999707
86,850048964,1,32,0.5,0.15734999999999083
86,850048964,8,8,0.0,0.021500000000000102
86,850048964,8,8,0.1,0.02665000000000025
86,850048964,8,8,0.3,0.03015000000000035
86,850048964,8,8,0.5,0.029250000000000324
86,850048964,8,16,0.0,0.021500000000000102
86,850048964,8,16,0.1,0.02665000000000025
86,850048964,8,16,0.3,0.03015000000000035
86,850048964,8,16,0.5,0.03085000000000037
86,850048964,2,32,0.0,0.021500000000000102
86,850048964,2,32,0.1,0.04420000000000075
86,850048964,2,32,0.3,0.05345000000000102
86,850048964,2,32,0.5,0.07310000000000011
86,850048964,2,64,0.0,0.03225000000000041
86,850048964,2,64,0.1,0.055800000000001085
86,850048964,2,64,0.3,0.06060000000000122
86,850048964,2,64,0.5,0.07310000000000011
85,840048963,8,32,0.0,0.021500000000000102
85,840048963,8,32,0.1,0.026800000000000254
85,840048963,8,32,0.3,0.0493500000000009
85,840048963,8,32,0.5,0.04205000000000069
85,840048963,8,64,0.0,0.021500000000000102
85,840048963,8,64,0.1,0.031000000000000374
85,840048963,8,64,0.3,0.06015000000000121
85,840048963,8,64,0.5,0.058300000000001156
86,850048964,4,64,0.0,0.021500000000000102
86,850048964,4,64,0.1,0.038350000000000585
86,850048964,4,64,0.3,0.055500000000001076
86,850048964,4,64,0.5,0.058550000000001164
86,850048964,8,4,0.0,0.021500000000000102
86,850048964,8,4,0.1,0.023600000000000163
86,850048964,8,4,0.3,0.0284000000000003
86,850048964,8,4,0.5,0.029350000000000327
87,860048965,1,4,0.0,0.021500000000000102
87,860048965,1,4,0.1,0.04165000000000068
87,860048965,1,4,0.3,0.05880000000000117
87,860048965,1,4,0.5,0.10419999999999668
87,860048965,1,8,0.0,0.021500000000000102
87,860048965,1,8,0.1,0.04165000000000068
87,860048965,1,8,0.3,0.0705000000000004
87,860048965,1,8,0.5,0.10419999999999668
87,860048965,2,8,0.0,0.021500000000000102
87,860048965,2,8,0.1,0.0319000000000004
87,860048965,2,8,0.3,0.040050000000000634
87,860048965,2,8,0.5,0.05210000000000098
87,860048965,2,16,0.0,0.021500000000000102
87,860048965,2,16,0.1,0.038750000000000596
87,860048965,2,16,0.3,0.04755000000000085
87,860048965,2,16,0.5,0.08459999999999884
87,860048965,4,4,0.0,0.021500000000000102
87,860048965,4,4,0.1,0.02210000000000012
87,860048965,4,4,0.3,0.037350000000000556
87,860048965,4,4,0.5,0.042500000000000704
87,860048965,4,8,0.0,0.021500000000000102
87,860048965,4,8,0.1,0.023400000000000157
87,860048965,4,8,0.3,0.037350000000000556
87,860048965,4,8,0.5,0.042500000000000704
87,860048965,1,64,0.0,0.04295000000000072
87,860048965,1,64,0.1,0.058900000000001174
87,860048965,1,64,0.3,0.10574999999999651
87,860048965,1,64,0.5,0.13439999999999336
87,860048965,2,4,0.0,0.021500000000000102
87,860048965,2,4,0.1,0.02460000000000019
87,860048965,2,4,0.3,0.040050000000000634
87,860048965,2,4,0.5,0.05210000000000098
87,860048965,1,16,0.0,0.021500000000000102
87,860048965,1,16,0.1,0.05850000000000116
87,860048965,1,16,0.3,0.0868499999999986
87,860048965,1,16,0.5,0.1158999999999954
87,860048965,1,32,0.0,0.021500000000000102
87,860048965,1,32,0.1,0.05850000000000116
87,860048965,1,32,0.3,0.0868499999999986
87,860048965,1,32,0.5,0.1158999999999954
86,850048964,8,32,0.0,0.021500000000000102
86,850048964,8,32,0.1,0.02700000000000026
86,850048964,8,32,0.3,0.033500000000000446
86,850048964,8,32,0.5,0.03320000000000044
86,850048964,8,64,0.0,0.021500000000000102
86,850048964,8,64,0.1,0.028850000000000313
86,850048964,8,64,0.3,0.03990000000000063
86,850048964,8,64,0.5,0.04385000000000074
87,860048965,2,32,0.0,0.021500000000000102
87,860048965,2,32,0.1,0.038750000000000596
87,860048965,2,32,0.3,0.059250000000001184
87,860048965,2,32,0.5,0.08459999999999884
87,860048965,2,64,0.0,0.03225000000000041
87,860048965,2,64,0.1,0.05605000000000109
87,860048965,2,64,0.3,0.06765000000000071
87,860048965,2,64,0.5,0.08639999999999864
87,860048965,8,8,0.0,0.021500000000000102
87,860048965,8,8,0.1,0.023400000000000157
87,860048965,8,8,0.3,0.037250000000000554
87,860048965,8,8,0.5,0.02945000000000033
87,860048965,8,16,0.0,0.021500000000000102
87,860048965,8,16,0.1,0.03340000000000044
87,860048965,8,16,0.3,0.04755000000000085
87,860048965,8,16,0.5,0.032050000000000405
87,860048965,4,16,0.0,0.021500000000000102
87,860048965,4,16,0.1,0.03340000000000044
87,860048965,4,16,0.3,0.07115000000000032
87,860048965,4,16,0.5,0.050950000000000946
87,860048965,4,32,0.0,0.021500000000000102
87,860048965,4,32,0.1,0.03340000000000044
87,860048965,4,32,0.3,0.07115000000000032
87,860048965,4,32,0.5,0.050950000000000946
88,870048966,1,4,0.0,0.021500000000000102
88,870048966,1,4,0.1,0.03920000000000061
88,870048966,1,4,0.3,0.08714999999999856
88,870048966,1,4,0.5,0.07464999999999994
88,870048966,1,8,0.0,0.021500000000000102
88,870048966,1,8,0.1,0.021500000000000102
88,870048966,1,8,0.3,0.101299999999997
88,870048966,1,8,0.5,0.08299999999999902
87,860048965,4,64,0.0,0.026850000000000256
87,860048965,4,64,0.1,0.03340000000000044
87,860048965,4,64,0.3,0.0768499999999997
87,860048965,4,64,0.5,0.07400000000000001
87,860048965,8,4,0.0,0.021500000000000102
87,860048965,8,4,0.1,0.02210000000000012
87,860048965,8,4,0.3,0.037250000000000554
87,860048965,8,4,0.5,0.029650000000000336
88,870048966,4,4,0.0,0.021500000000000102
88,870048966,4,4,0.1,0.026200000000000237
88,870048966,4,4,0.3,0.02805000000000029
88,870048966,4,4,0.5,0.030350000000000356
88,870048966,4,8,0.0,0.021500000000000102
88,870048966,4,8,0.1,0.026900000000000257
88,870048966,4,8,0.3,0.04525000000000078
88,870048966,4,8,0.5,0.04555000000000079
88,870048966,2,8,0.0,0.021500000000000102
88,870048966,2,8,0.1,0.03085000000000037
88,870048966,2,8,0.3,0.05535000000000107
88,870048966,2,8,0.5,0.05775000000000114
88,870048966,2,16,0.0,0.021500000000000102
88,870048966,2,16,0.1,0.04685000000000083
88,870048966,2,16,0.3,0.050950000000000946
88,870048966,2,16,0.5,0.05775000000000114
88,870048966,1,16,0.0,0.021500000000000102
88,870048966,1,16,0.1,0.06045000000000122
88,870048966,1,16,0.3,0.08714999999999856
88,870048966,1,16,0.5,0.08724999999999855
88,870048966,1,32,0.0,0.04295000000000072
88,870048966,1,32,0.1,0.10349999999999676
88,870048966,1,32,0.3,0.09179999999999805
88,870048966,1,32,0.5,0.10869999999999619
88,870048966,1,64,0.0,0.04295000000000072
88,870048966,1,64,0.1,0.08074999999999927
88,870048966,1,64,0.3,0.11199999999999583
88,870048966,1,64,0.5,0.1585499999999907
88,870048966,2,4,0.0,0.021500000000000102
88,870048966,2,4,0.1,0.03920000000000061
88,870048966,2,4,0.3,0.04770000000000085
88,870048966,2,4,0.5,0.04695000000000083
88,870048966,8,8,0.0,0.021500000000000102
88,870048966,8,8,0.1,0.022350000000000127
88,870048966,8,8,0.3,0.030400000000000357
88,870048966,8,8,0.5,0.03920000000000061
88,870048966,8,16,0.0,0.021500000000000102
88,870048966,8,16,0.1,0.025100000000000205
88,870048966,8,16,0.3,0.030400000000000357
88,870048966,8,16,0.5,0.03920000000000061
88,870048966,2,32,0.0,0.021500000000000102
88,870048966,2,32,0.1,0.07260000000000016
88,870048966,2,32,0.3,0.0597500000000012
88,870048966,2,32,0.5,0.07375000000000004
88,870048966,2,64,0.0,0.03225000000000041
88,870048966,2,64,0.1,0.07260000000000016
88,870048966,2,64,0.3,0.06935000000000052
88,870048966,2,64,0.5,0.08599999999999869
88,870048966,4,16,0.0,0.021500000000000102
88,870048966,4,16,0.1,0.034500000000000475
88,870048966,4,16,0.3,0.03400000000000046
88,870048966,4,16,0.5,0.04555000000000079
88,870048966,4,32,0.0,0.021500000000000102
88,870048966,4,32,0.1,0.03685000000000054
88,870048966,4,32,0.3,0.05115000000000095
88,870048966,4,32,0.5,0.05540000000000107
87,860048965,8,32,0.0,0.021500000000000102
87,860048965,8,32,0.1,0.03340000000000044
87,860048965,8,32,0.3,0.04755000000000085
87,860048965,8,32,0.5,0.03600000000000052
87,860048965,8,64,0.0,0.021500000000000102
87,860048965,8,64,0.1,0.03340000000000044
87,860048965,8,64,0.3,0.05215000000000098
87,860048965,8,64,0.5,0.04895000000000089
88,870048966,4,64,0.0,0.026850000000000256
88,870048966,4,64,0.1,0.040400000000000644
88,870048966,4,64,0.3,0.05575000000000108
88,870048966,4,64,0.5,0.07010000000000044
88,870048966,8,4,0.0,0.021500000000000102
88,870048966,8,4,0.1,0.024450000000000187
88,870048966,8,4,0.3,0.024700000000000194
88,870048966,8,4,0.5,0.028500000000000303
89,880048967,1,4,0.0,0.021500000000000102
89,880048967,1,4,0.1,0.05050000000000093
89,880048967,1,4,0.3,0.06790000000000068
89,880048967,1,4,0.5,0.0777499999999996
89,880048967,1,8,0.0,0.021500000000000102
89,880048967,1,8,0.1,0.059000000000001177
89,880048967,1,8,0.3,0.0704500000000004
89,880048967,1,8,0.5,0.09704999999999747
89,880048967,2,8,0.0,0.021500000000000102
89,880048967,2,8,0.1,0.03580000000000051
89,880048967,2,8,0.3,0.048800000000000884
89,880048967,2,8,0.5,0.05225000000000098
89,880048967,2,16,0.0,0.021500000000000102
89,880048967,2,16,0.1,0.035950000000000516
89,880048967,2,16,0.3,0.044650000000000765
89,880048967,2,16,0.5,0.05390000000000103
89,880048967,4,4,0.0,0.021500000000000102
89,880048967,4,4,0.1,0.023950000000000173
89,880048967,4,4,0.3,0.032750000000000425
89,880048967,4,4,0.5,0.03155000000000039
89,880048967,4,8,0.0,0.021500000000000102
89,880048967,4,8,0.1,0.03505000000000049
89,880048967,4,8,0.3,0.032750000000000425
89,880048967,4,8,0.5,0.04365000000000074
89,880048967,1,16,0.0,0.021500000000000102
89,880048967,1,16,0.1,0.058250000000001155
89,880048967,1,16,0.3,0.08024999999999932
89,880048967,1,16,0.5,0.09704999999999747
89,880048967,1,32,0.0,0.04295000000000072
89,880048967,1,32,0.1,0.07739999999999964
89,880048967,1,32,0.3,0.11799999999999516
89,880048967,1,32,0.5,0.10124999999999701
89,880048967,1,64,0.0,0.04295000000000072
89,880048967,1,64,0.1,0.07739999999999964
89,880048967,1,64,0.3,0.11929999999999502
89,880048967,1,64,0.5,0.13324999999999348
89,880048967,2,4,0.0,0.021500000000000102
89,880048967,2,4,0.1,0.03225000000000041
89,880048967,2,4,0.3,0.044650000000000765
89,880048967,2,4,0.5,0.05190000000000097
89,880048967,4,16,0.0,0.021500000000000102
89,880048967,4,16,0.1,0.025500000000000217
89,880048967,4,16,0.3,0.04330000000000073
89,880048967,4,16,0.5,0.04365000000000074
89,880048967,4,32,0.0,0.026850000000000256
89,880048967,4,32,0.1,0.040450000000000645
89,880048967,4,32,0.3,0.05660000000000111
89,880048967,4,32,0.5,0.049850000000000914
89,880048967,8,8,0.0,0.021500000000000102
89,880048967,8,8,0.1,0.023650000000000164
89,880048967,8,8,0.3,0.024050000000000175
89,880048967,8,8,0.5,0.030700000000000366
89,880048967,8,16,0.0,0.021500000000000102
89,880048967,8,16,0.1,0.025000000000000203
89,880048967,8,16,0.3,0.02940000000000033
89,880048967,8,16,0.5,0.031000000000000374
89,880048967,2,32,0.0,0.021500000000000102
89,880048967,2,32,0.1,0.05915000000000118
89,880048967,2,32,0.3,0.06810000000000066
89,880048967,2,32,0.5,0.09059999999999818
89,880048967,2,64,0.0,0.03225000000000041
89,880048967,2,64,0.1,0.05915000000000118
89,880048967,2,64,0.3,0.08784999999999848
89,880048967,2,64,0.5,0.09059999999999818
89,880048967,4,64,0.0,0.026850000000000256
89,880048967,4,64,0.1,0.040450000000000645
89,880048967,4,64,0.3,0.0598500000000012
89,880048967,4,64,0.5,0.06185000000000126
89,880048967,8,4,0.0,0.021500000000000102
89,880048967,8,4,0.1,0.023650000000000164
89,880048967,8,4,0.3,0.025750000000000224
89,880048967,8,4,0.5,0.030700000000000366
88,870048966,8,32,0.0,0.021500000000000102
88,870048966,8,32,0.1,0.033150000000000436
88,870048966,8,32,0.3,0.041450000000000674
88,870048966,8,32,0.5,0.043950000000000745
88,870048966,8,64,0.0,0.021500000000000102
88,870048966,8,64,0.1,0.037650000000000565
88,870048966,8,64,0.3,0.04760000000000085
88,870048966,8,64,0.5,0.05500000000000106
90,890048968,1,4,0.0,0.021500000000000102
90,890048968,1,4,0.1,0.021500000000000102
90,890048968,1,4,0.3,0.0687000000000006
90,890048968,1,4,0.5,0.04965000000000091
90,890048968,1,8,0.0,0.04295000000000072
90,890048968,1,8,0.1,0.05150000000000096
90,890048968,1,8,0.3,0.07449999999999996
90,890048968,1,8,0.5,0.1067499999999964
90,890048968,4,4,0.0,0.021500000000000102
90,890048968,4,4,0.1,0.024000000000000174
90,890048968,4,4,0.3,0.03500000000000049
90,890048968,4,4,0.5,0.03400000000000046
90,890048968,4,8,0.0,0.021500000000000102
90,890048968,4,8,0.1,0.04015000000000064
90,890048968,4,8,0.3,0.03500000000000049
90,890048968,4,8,0.5,0.04265000000000071
90,890048968,2,8,0.0,0.021500000000000102
90,890048968,2,8,0.1,0.04275000000000071
90,890048968,2,8,0.3,0.04895000000000089
90,890048968,2,8,0.5,0.06525000000000097
90,890048968,2,16,0.0,0.021500000000000102
90,890048968,2,16,0.1,0.04275000000000071
90,890048968,2,16,0.3,0.06125000000000124
90,890048968,2,16,0.5,0.07305000000000011
90,890048968,1,16,0.0,0.021500000000000102
90,890048968,1,16,0.1,0.04895000000000089
90,890048968,1,16,0.3,0.07879999999999948
90,890048968,1,16,0.5,0.1031999999999968
90,890048968,1,32,0.0,0.04295000000000072
90,890048968,1,32,0.1,0.07205000000000022
90,890048968,1,32,0.3,0.1157999999999954
90,890048968,1,32,0.5,0.13419999999999338
90,890048968,1,64,0.0,0.04295000000000072
90,890048968,1,64,0.1,0.07205000000000022
90,890048968,1,64,0.3,0.12209999999999471
90,890048968,1,64,0.5,0.13419999999999338
90,890048968,2,4,0.0,0.021500000000000102
90,890048968,2,4,0.1,0.03020000000000035
90,890048968,2,4,0.3,0.03860000000000059
90,890048968,2,4,0.5,0.06525000000000097
90,890048968,4,16,0.0,0.021500000000000102
90,890048968,4,16,0.1,0.04015000000000064
90,890048968,4,16,0.3,0.04025000000000064
90,890048968,4,16,0.5,0.04300000000000072
90,890048968,4,32,0.0,0.021500000000000102
90,890048968,4,32,0.1,0.05005000000000092
90,890048968,4,32,0.3,0.04790000000000086
90,890048968,4,32,0.5,0.06575000000000092
90,890048968,8,8,0.0,0.021500000000000102
90,890048968,8,8,0.1,0.028150000000000293
90,890048968,8,8,0.3,0.03155000000000039
90,890048968,8,8,0.5,0.038050000000000576
90,890048968,8,16,0.0,0.021500000000000102
90,890048968,8,16,0.1,0.028150000000000293
90,890048968,8,16,0.3,0.03155000000000039
90,890048968,8,16,0.5,0.038050000000000576
89,880048967,8,32,0.0,0.021500000000000102
89,880048967,8,32,0.1,0.02735000000000027
89,880048967,8,32,0.3,0.04140000000000067
89,880048967,8,32,0.5,0.04035000000000064
89,880048967,8,64,0.0,0.021500000000000102
89,880048967,8,64,0.1,0.027500000000000274
89,880048967,8,64,0.3,0.057550000000001135
89,880048967,8,64,0.5,0.05110000000000095
90,890048968,2,32,0.0,0.021500000000000102
90,890048968,2,32,0.1,0.04560000000000079
90,890048968,2,32,0.3,0.0812999999999992
90,890048968,2,32,0.5,0.07305000000000011
90,890048968,2,64,0.0,0.03225000000000041
90,890048968,2,64,0.1,0.051250000000000955
90,890048968,2,64,0.3,0.08544999999999875
90,890048968,2,64,0.5,0.08604999999999868
90,890048968,4,64,0.0,0.021500000000000102
90,890048968,4,64,0.1,0.05005000000000092
90,890048968,4,64,0.3,0.04790000000000086
90,890048968,4,64,0.5,0.06575000000000092
90,890048968,8,4,0.0,0.021500000000000102
90,890048968,8,4,0.1,0.02350000000000016
90,890048968,8,4,0.3,0.027450000000000273
90,890048968,8,4,0.5,0.038050000000000576
91,900048969,1,4,0.0,0.021500000000000102
91,900048969,1,4,0.1,0.048100000000000864
91,900048969,1,4,0.3,0.04140000000000067
91,900048969,1,4,0.5,0.10429999999999667
91,900048969,1,8,0.0,0.021500000000000102
91,900048969,1,8,0.1,0.048100000000000864
91,900048969,1,8,0.3,0.05115000000000095
91,900048969,1,8,0.5,0.10429999999999667
91,900048969,4,4,0.0,0.021500000000000102
91,900048969,4,4,0.1,0.03295000000000043
91,900048969,4,4,0.3,0.02805000000000029
91,900048969,4,4,0.5,0.034850000000000485
91,900048969,4,8,0.0,0.021500000000000102
91,900048969,4,8,0.1,0.03370000000000045
91,900048969,4,8,0.3,0.02805000000000029
91,900048969,4,8,0.5,0.04520000000000078
91,900048969,2,8,0.0,0.021500000000000102
91,900048969,2,8,0.1,0.0458000000000008
91,900048969,2,8,0.3,0.038400000000000586
91,900048969,2,8,0.5,0.05315000000000101
91,900048969,2,16,0.0,0.021500000000000102
91,900048969,2,16,0.1,0.0458000000000008
91,900048969,2,16,0.3,0.045000000000000775
91,900048969,2,16,0.5,0.05315000000000101
91,900048969,1,64,0.0,0.04295000000000072
91,900048969,1,64,0.1,0.09804999999999736
91,900048969,1,64,0.3,0.11164999999999586
91,900048969,1,64,0.5,0.1448999999999922
91,900048969,2,4,0.0,0.021500000000000102
91,900048969,2,4,0.1,0.047100000000000836
91,900048969,2,4,0.3,0.03150000000000039
91,900048969,2,4,0.5,0.05315000000000101
91,900048969,1,16,0.0,0.021500000000000102
91,900048969,1,16,0.1,0.048100000000000864
91,900048969,1,16,0.3,0.09234999999999799
91,900048969,1,16,0.5,0.10429999999999667
91,900048969,1,32,0.0,0.04295000000000072
91,900048969,1,32,0.1,0.08614999999999867
91,900048969,1,32,0.3,0.11164999999999586
91,900048969,1,32,0.5,0.12149999999999478
91,900048969,4,16,0.0,0.021500000000000102
91,900048969,4,16,0.1,0.03370000000000045
91,900048969,4,16,0.3,0.036650000000000536
91,900048969,4,16,0.5,0.05260000000000099
91,900048969,4,32,0.0,0.021500000000000102
91,900048969,4,32,0.1,0.03370000000000045
91,900048969,4,32,0.3,0.05600000000000109
91,900048969,4,32,0.5,0.05260000000000099
91,900048969,8,8,0.0,0.021500000000000102
91,900048969,8,8,0.1,0.02625000000000024
91,900048969,8,8,0.3,0.025150000000000207
91,900048969,8,8,0.5,0.03050000000000036
91,900048969,8,16,0.0,0.021500000000000102
91,900048969,8,16,0.1,0.02625000000000024
91,900048969,8,16,0.3,0.029250000000000324
91,900048969,8,16,0.5,0.03915000000000061
91,900048969,2,32,0.0,0.021500000000000102
91,900048969,2,32,0.1,0.0458000000000008
91,900048969,2,32,0.3,0.0695500000000005
91,900048969,2,32,0.5,0.0749499999999999
91,900048969,2,64,0.0,0.021500000000000102
91,900048969,2,64,0.1,0.05045000000000093
91,900048969,2,64,0.3,0.0695500000000005
91,900048969,2,64,0.5,0.08359999999999895
90,890048968,8,32,0.0,0.021500000000000102
90,890048968,8,32,0.1,0.0318500000000004
90,890048968,8,32,0.3,0.03775000000000057
90,890048968,8,32,0.5,0.04840000000000087
90,890048968,8,64,0.0,0.021500000000000102
90,890048968,8,64,0.1,0.03435000000000047
90,890048968,8,64,0.3,0.03775000000000057
90,890048968,8,64,0.5,0.04870000000000088
91,900048969,4,64,0.0,0.026850000000000256
91,900048969,4,64,0.1,0.03370000000000045
91,900048969,4,64,0.3,0.05745000000000113
91,900048969,4,64,0.5,0.06785000000000069
91,900048969,8,4,0.0,0.021500000000000102
91,900048969,8,4,0.1,0.024750000000000195
91,900048969,8,4,0.3,0.025150000000000207
91,900048969,8,4,0.5,0.03050000000000036
92,910048970,1,4,0.0,0.021500000000000102
92,910048970,1,4,0.1,0.04660000000000082
92,910048970,1,4,0.3,0.08984999999999826
92,910048970,1,4,0.5,0.09799999999999737
92,910048970,1,8,0.0,0.021500000000000102
92,910048970,1,8,0.1,0.05710000000000112
92,910048970,1,8,0.3,0.07709999999999967
92,910048970,1,8,0.5,0.11454999999999554
92,910048970,4,4,0.0,0.021500000000000102
92,910048970,4,4,0.1,0.0353000000000005
92,910048970,4,4,0.3,0.0459500000000008
92,910048970,4,4,0.5,0.056900000000001116
92,910048970,4,8,0.0,0.021500000000000102
92,910048970,4,8,0.1,0.0353000000000005
92,910048970,4,8,0.3,0.05100000000000095
92,910048970,4,8,0.5,0.056900000000001116
92,910048970,2,8,0.0,0.021500000000000102
92,910048970,2,8,0.1,0.03565000000000051
92,910048970,2,8,0.3,0.05840000000000116
92,910048970,2,8,0.5,0.09574999999999761
92,910048970,2,16,0.0,0.021500000000000102
92,910048970,2,16,0.1,0.04175000000000068
92,910048970,2,16,0.3,0.06290000000000123
92,910048970,2,16,0.5,0.09574999999999761
92,910048970,1,16,0.0,0.021500000000000102
92,910048970,1,16,0.1,0.06280000000000124
92,910048970,1,16,0.3,0.09559999999999763
92,910048970,1,16,0.5,0.11454999999999554
92,910048970,1,32,0.0,0.04295000000000072
92,910048970,1,32,0.1,0.10579999999999651
92,910048970,1,32,0.3,0.09559999999999763
92,910048970,1,32,0.5,0.1213499999999948
92,910048970,1,64,0.0,0.04295000000000072
92,910048970,1,64,0.1,0.10579999999999651
92,910048970,1,64,0.3,0.09559999999999763
92,910048970,1,64,0.5,0.13644999999999313
92,910048970,2,4,0.0,0.021500000000000102
92,910048970,2,4,0.1,0.0353000000000005
92,910048970,2,4,0.3,0.0459500000000008
92,910048970,2,4,0.5,0.09574999999999761
92,910048970,4,16,0.0,0.021500000000000102
92,910048970,4,16,0.1,0.0353000000000005
92,910048970,4,16,0.3,0.05100000000000095
92,910048970,4,16,0.5,0.056900000000001116
92,910048970,4,32,0.0,0.021500000000000102
92,910048970,4,32,0.1,0.04475000000000077
92,910048970,4,32,0.3,0.05100000000000095
92,910048970,4,32,0.5,0.056900000000001116
91,900048969,8,32,0.0,0.021500000000000102
91,900048969,8,32,0.1,0.02625000000000024
91,900048969,8,32,0.3,0.030250000000000353
91,900048969,8,32,0.5,0.03915000000000061
91,900048969,8,64,0.0,0.021500000000000102
91,900048969,8,64,0.1,0.029700000000000337
91,900048969,8,64,0.3,0.04305000000000072
91,900048969,8,64,0.5,0.04540000000000079
92,910048970,2,32,0.0,0.021500000000000102
92,910048970,2,32,0.1,0.07025000000000042
92,910048970,2,32,0.3,0.06290000000000123
92,910048970,2,32,0.5,0.09574999999999761
92,910048970,2,64,0.0,0.03225000000000041
92,910048970,2,64,0.1,0.07025000000000042
92,910048970,2,64,0.3,0.06290000000000123
92,910048970,2,64,0.5,0.09969999999999718
92,910048970,8,8,0.0,0.021500000000000102
92,910048970,8,8,0.1,0.030000000000000346
92,910048970,8,8,0.3,0.03710000000000055
92,910048970,8,8,0.5,0.04625000000000081
92,910048970,8,16,0.0,0.021500000000000102
92,910048970,8,16,0.1,0.034900000000000486
92,910048970,8,16,0.3,0.03710000000000055
92,910048970,8,16,0.5,0.04625000000000081
92,910048970,4,64,0.0,0.026850000000000256
92,910048970,4,64,0.1,0.04475000000000077
92,910048970,4,64,0.3,0.05100000000000095
92,910048970,4,64,0.5,0.06225000000000127
92,910048970,8,4,0.0,0.021500000000000102
92,910048970,8,4,0.1,0.030000000000000346
92,910048970,8,4,0.3,0.03615000000000052
92,910048970,8,4,0.5,0.04625000000000081
93,920048971,1,4,0.0,0.021500000000000102
93,920048971,1,4,0.1,0.04515000000000078
93,920048971,1,4,0.3,0.07539999999999986
93,920048971,1,4,0.5,0.08309999999999901
93,920048971,1,8,0.0,0.021500000000000102
93,920048971,1,8,0.1,0.10179999999999695
93,920048971,1,8,0.3,0.09459999999999774
93,920048971,1,8,0.5,0.08309999999999901
93,920048971,4,4,0.0,0.021500000000000102
93,920048971,4,4,0.1,0.03355000000000045
93,920048971,4,4,0.3,0.04555000000000079
93,920048971,4,4,0.5,0.04210000000000069
93,920048971,4,8,0.0,0.021500000000000102
93,920048971,4,8,0.1,0.0318500000000004
93,920048971,4,8,0.3,0.046050000000000806
93,920048971,4,8,0.5,0.04095000000000066
93,920048971,2,8,0.0,0.021500000000000102
93,920048971,2,8,0.1,0.056850000000001115
93,920048971,2,8,0.3,0.05660000000000111
93,920048971,2,8,0.5,0.04755000000000085
93,920048971,2,16,0.0,0.021500000000000102
93,920048971,2,16,0.1,0.03675000000000054
93,920048971,2,16,0.3,0.05660000000000111
93,920048971,2,16,0.5,0.08749999999999852
93,920048971,1,64,0.0,0.04295000000000072
93,920048971,1,64,0.1,0.10234999999999689
93,920048971,1,64,0.3,0.119549999999995
93,920048971,1,64,0.5,0.13519999999999327
93,920048971,2,4,0.0,0.021500000000000102
93,920048971,2,4,0.1,0.03355000000000045
93,920048971,2,4,0.3,0.04555000000000079
93,920048971,2,4,0.5,0.04750000000000085
93,920048971,1,16,0.0,0.021500000000000102
93,920048971,1,16,0.1,0.055150000000001066
93,920048971,1,16,0.3,0.10849999999999621
93,920048971,1,16,0.5,0.09429999999999777
93,920048971,1,32,0.0,0.04295000000000072
93,920048971,1,32,0.1,0.10234999999999689
93,920048971,1,32,0.3,0.10834999999999623
93,920048971,1,32,0.5,0.13519999999999327
93,920048971,4,16,0.0,0.021500000000000102
93,920048971,4,16,0.1,0.039100000000000606
93,920048971,4,16,0.3,0.046050000000000806
93,920048971,4,16,0.5,0.048450000000000874
93,920048971,4,32,0.0,0.021500000000000102
93,920048971,4,32,0.1,0.039100000000000606
93,920048971,4,32,0.3,0.05180000000000097
93,920048971,4,32,0.5,0.058300000000001156
93,920048971,8,8,0.0,0.021500000000000102
93,920048971,8,8,0.1,0.023000000000000145
93,920048971,8,8,0.3,0.033800000000000455
93,920048971,8,8,0.5,0.03250000000000042
93,920048971,8,16,0.0,0.021500000000000102
93,920048971,8,16,0.1,0.0284000000000003
93,920048971,8,16,0.3,0.033800000000000455
93,920048971,8,16,0.5,0.03495000000000049
93,920048971,2,32,0.0,0.021500000000000102
93,920048971,2,32,0.1,0.04875000000000088
93,920048971,2,32,0.3,0.06040000000000122
93,920048971,2,32,0.5,0.08749999999999852
93,920048971,2,64,0.0,0.03225000000000041
93,920048971,2,64,0.1,0.065000000000001
93,920048971,2,64,0.3,0.06255000000000127
93,920048971,2,64,0.5,0.09734999999999744
92,910048970,8,32,0.0,0.021500000000000102
92,910048970,8,32,0.1,0.034900000000000486
92,910048970,8,32,0.3,0.03710000000000055
92,910048970,8,32,0.5,0.04625000000000081
92,910048970,8,64,0.0,0.02420000000000018
92,910048970,8,64,0.1,0.034900000000000486
92,910048970,8,64,0.3,0.04195000000000069
92,910048970,8,64,0.5,0.04755000000000085
93,920048971,4,64,0.0,0.021500000000000102
93,920048971,4,64,0.1,0.04300000000000072
93,920048971,4,64,0.3,0.053050000000001006
93,920048971,4,64,0.5,0.0741
93,920048971,8,4,0.0,0.021500000000000102
93,920048971,8,4,0.1,0.027900000000000286
93,920048971,8,4,0.3,0.026450000000000244
93,920048971,8,4,0.5,0.031400000000000386
94,930048972,4,4,0.0,0.021500000000000102
94,930048972,4,4,0.1,0.022900000000000142
94,930048972,4,4,0.3,0.03145000000000039
94,930048972,4,4,0.5,0.034850000000000485
94,930048972,4,8,0.0,0.021500000000000102
94,930048972,4,8,0.1,0.02525000000000021
94,930048972,4,8,0.3,0.05470000000000105
94,930048972,4,8,0.5,0.04505000000000078
94,930048972,1,4,0.0,0.021500000000000102
94,930048972,1,4,0.1,0.021500000000000102
94,930048972,1,4,0.3,0.07190000000000024
94,930048972,1,4,0.5,0.11049999999999599
94,930048972,1,8,0.0,0.04295000000000072
94,930048972,1,8,0.1,0.04295000000000072
94,930048972,1,8,0.3,0.07519999999999988
94,930048972,1,8,0.5,0.11049999999999599
94,930048972,2,8,0.0,0.021500000000000102
94,930048972,2,8,0.1,0.031350000000000385
94,930048972,2,8,0.3,0.059000000000001177
94,930048972,2,8,0.5,0.05320000000000101
94,930048972,2,16,0.0,0.021500000000000102
94,930048972,2,16,0.1,0.04090000000000066
94,930048972,2,16,0.3,0.059000000000001177
94,930048972,2,16,0.5,0.05320000000000101
94,930048972,1,16,0.0,0.021500000000000102
94,930048972,1,16,0.1,0.08359999999999895
94,930048972,1,16,0.3,0.07519999999999988
94,930048972,1,16,0.5,0.11049999999999599
94,930048972,1,32,0.0,0.021500000000000102
94,930048972,1,32,0.1,0.08359999999999895
94,930048972,1,32,0.3,0.08334999999999898
94,930048972,1,32,0.5,0.11049999999999599
94,930048972,4,16,0.0,0.021500000000000102
94,930048972,4,16,0.1,0.025700000000000223
94,930048972,4,16,0.3,0.05470000000000105
94,930048972,4,16,0.5,0.04505000000000078
94,930048972,4,32,0.0,0.021500000000000102
94,930048972,4,32,0.1,0.0283500000000003
94,930048972,4,32,0.3,0.05470000000000105
94,930048972,4,32,0.5,0.04905000000000089
94,930048972,1,64,0.0,0.04295000000000072
94,930048972,1,64,0.1,0.08359999999999895
94,930048972,1,64,0.3,0.11029999999999601
94,930048972,1,64,0.5,0.13439999999999336
94,930048972,2,4,0.0,0.021500000000000102
94,930048972,2,4,0.1,0.0248500000000002
94,930048972,2,4,0.3,0.04305000000000072
94,930048972,2,4,0.5,0.052800000000001
94,930048972,8,8,0.0,0.021500000000000102
94,930048972,8,8,0.1,0.025000000000000203
94,930048972,8,8,0.3,0.03410000000000046
94,930048972,8,8,0.5,0.03145000000000039
94,930048972,8,16,0.0,0.021500000000000102
94,930048972,8,16,0.1,0.025000000000000203
94,930048972,8,16,0.3,0.03445000000000047
94,930048972,8,16,0.5,0.03165000000000039
93,920048971,8,32,0.0,0.021500000000000102
93,920048971,8,32,0.1,0.04065000000000065
93,920048971,8,32,0.3,0.04155000000000068
93,920048971,8,32,0.5,0.040400000000000644
93,920048971,8,64,0.0,0.021500000000000102
93,920048971,8,64,0.1,0.04065000000000065
93,920048971,8,64,0.3,0.04155000000000068
93,920048971,8,64,0.5,0.05150000000000096
94,930048972,2,32,0.0,0.03225000000000041
94,930048972,2,32,0.1,0.04090000000000066
94,930048972,2,32,0.3,0.07020000000000043
94,930048972,2,32,0.5,0.058550000000001164
94,930048972,2,64,0.0,0.03225000000000041
94,930048972,2,64,0.1,0.04790000000000086
94,930048972,2,64,0.3,0.07020000000000043
94,930048972,2,64,0.5,0.10909999999999614
95,940048973,1,4,0.0,0.021500000000000102
95,940048973,1,4,0.1,0.021500000000000102
95,940048973,1,4,0.3,0.052800000000001
95,940048973,1,4,0.5,0.05540000000000107
95,940048973,1,8,0.0,0.021500000000000102
95,940048973,1,8,0.1,0.054050000000001035
95,940048973,1,8,0.3,0.07519999999999988
95,940048973,1,8,0.5,0.09394999999999781
94,930048972,4,64,0.0,0.021500000000000102
94,930048972,4,64,0.1,0.046750000000000826
94,930048972,4,64,0.3,0.05470000000000105
94,930048972,4,64,0.5,0.0704000000000004
94,930048972,8,4,0.0,0.021500000000000102
94,930048972,8,4,0.1,0.022900000000000142
94,930048972,8,4,0.3,0.030300000000000354
94,930048972,8,4,0.5,0.03145000000000039
95,940048973,4,4,0.0,0.021500000000000102
95,940048973,4,4,0.1,0.024300000000000183
95,940048973,4,4,0.3,0.029300000000000326
95,940048973,4,4,0.5,0.0423000000000007
95,940048973,4,8,0.0,0.021500000000000102
95,940048973,4,8,0.1,0.026850000000000256
95,940048973,4,8,0.3,0.037350000000000556
95,940048973,4,8,0.5,0.044650000000000765
95,940048973,2,8,0.0,0.021500000000000102
95,940048973,2,8,0.1,0.03425000000000047
95,940048973,2,8,0.3,0.05205000000000098
95,940048973,2,8,0.5,0.06695000000000079
95,940048973,2,16,0.0,0.021500000000000102
95,940048973,2,16,0.1,0.03425000000000047
95,940048973,2,16,0.3,0.05205000000000098
95,940048973,2,16,0.5,0.05955000000000119
95,940048973,1,64,0.0,0.04295000000000072
95,940048973,1,64,0.1,0.0641000000000011
95,940048973,1,64,0.3,0.12474999999999442
95,940048973,1,64,0.5,0.14439999999999226
95,940048973,2,4,0.0,0.021500000000000102
95,940048973,2,4,0.1,0.027200000000000266
95,940048973,2,4,0.3,0.03165000000000039
95,940048973,2,4,0.5,0.053700000000001025
95,940048973,1,16,0.0,0.021500000000000102
95,940048973,1,16,0.1,0.054050000000001035
95,940048973,1,16,0.3,0.09934999999999722
95,940048973,1,16,0.5,0.12554999999999433
95,940048973,1,32,0.0,0.021500000000000102
95,940048973,1,32,0.1,0.0641000000000011
95,940048973,1,32,0.3,0.09934999999999722
95,940048973,1,32,0.5,0.11434999999999557
95,940048973,4,16,0.0,0.021500000000000102
95,940048973,4,16,0.1,0.03125000000000038
95,940048973,4,16,0.3,0.04435000000000076
95,940048973,4,16,0.5,0.042550000000000705
95,940048973,4,32,0.0,0.021500000000000102
95,940048973,4,32,0.1,0.05665000000000111
95,940048973,4,32,0.3,0.05210000000000098
95,940048973,4,32,0.5,0.052850000000001
95,940048973,8,8,0.0,0.021500000000000102
95,940048973,8,8,0.1,0.022300000000000125
95,940048973,8,8,0.3,0.028650000000000307
95,940048973,8,8,0.5,0.038350000000000585
95,940048973,8,16,0.0,0.021500000000000102
95,940048973,8,16,0.1,0.027900000000000286
95,940048973,8,16,0.3,0.03020000000000035
95,940048973,8,16,0.5,0.038350000000000585
94,930048972,8,32,0.0,0.021500000000000102
94,930048972,8,32,0.1,0.025000000000000203
94,930048972,8,32,0.3,0.03445000000000047
94,930048972,8,32,0.5,0.04160000000000068
94,930048972,8,64,0.0,0.021500000000000102
94,930048972,8,64,0.1,0.034900000000000486
94,930048972,8,64,0.3,0.035200000000000495
94,930048972,8,64,0.5,0.041850000000000685
95,940048973,2,32,0.0,0.021500000000000102
95,940048973,2,32,0.1,0.03425000000000047
95,940048973,2,32,0.3,0.05205000000000098
95,940048973,2,32,0.5,0.08609999999999868
95,940048973,2,64,0.0,0.03225000000000041
95,940048973,2,64,0.1,0.03580000000000051
95,940048973,2,64,0.3,0.10489999999999661
95,940048973,2,64,0.5,0.10024999999999712
95,940048973,4,64,0.0,0.021500000000000102
95,940048973,4,64,0.1,0.05665000000000111
95,940048973,4,64,0.3,0.07484999999999992
95,940048973,4,64,0.5,0.058250000000001155
95,940048973,8,4,0.0,0.021500000000000102
95,940048973,8,4,0.1,0.021950000000000115
95,940048973,8,4,0.3,0.028650000000000307
95,940048973,8,4,0.5,0.03515000000000049
96,950048974,1,4,0.0,0.021500000000000102
96,950048974,1,4,0.1,0.039000000000000604
96,950048974,1,4,0.3,0.09299999999999792
96,950048974,1,4,0.5,0.07904999999999945
96,950048974,1,8,0.0,0.021500000000000102
96,950048974,1,8,0.1,0.039000000000000604
96,950048974,1,8,0.3,0.06555000000000094
96,950048974,1,8,0.5,0.0940499999999978
96,950048974,4,4,0.0,0.021500000000000102
96,950048974,4,4,0.1,0.026800000000000254
96,950048974,4,4,0.3,0.03775000000000057
96,950048974,4,4,0.5,0.0423000000000007
96,950048974,4,8,0.0,0.021500000000000102
96,950048974,4,8,0.1,0.026800000000000254
96,950048974,4,8,0.3,0.03775000000000057
96,950048974,4,8,0.5,0.05075000000000094
96,950048974,2,8,0.0,0.021500000000000102
96,950048974,2,8,0.1,0.038400000000000586
96,950048974,2,8,0.3,0.06650000000000084
96,950048974,2,8,0.5,0.06995000000000046
96,950048974,2,16,0.0,0.021500000000000102
96,950048974,2,16,0.1,0.04090000000000066
96,950048974,2,16,0.3,0.06650000000000084
96,950048974,2,16,0.5,0.08369999999999894
96,950048974,1,16,0.0,0.021500000000000102
96,950048974,1,16,0.1,0.053350000000001015
96,950048974,1,16,0.3,0.09724999999999745
96,950048974,1,16,0.5,0.10654999999999643
96,950048974,1,32,0.0,0.021500000000000102
96,950048974,1,32,0.1,0.08814999999999845
96,950048974,1,32,0.3,0.0803999999999993
96,950048974,1,32,0.5,0.13064999999999377
96,950048974,1,64,0.0,0.04295000000000072
96,950048974,1,64,0.1,0.13114999999999372
96,950048974,1,64,0.3,0.13834999999999292
96,950048974,1,64,0.5,0.14984999999999166
96,950048974,2,4,0.0,0.021500000000000102
96,950048974,2,4,0.1,0.038400000000000586
96,950048974,2,4,0.3,0.06650000000000084
96,950048974,2,4,0.5,0.06995000000000046
96,950048974,4,16,0.0,0.021500000000000102
96,950048974,4,16,0.1,0.029600000000000334
96,950048974,4,16,0.3,0.04650000000000082
96,950048974,4,16,0.5,0.05015000000000092
96,950048974,4,32,0.0,0.021500000000000102
96,950048974,4,32,0.1,0.04380000000000074
96,950048974,4,32,0.3,0.05045000000000093
96,950048974,4,32,0.5,0.07120000000000032
96,950048974,8,8,0.0,0.021500000000000102
96,950048974,8,8,0.1,0.0249000000000002
96,950048974,8,8,0.3,0.02915000000000032
96,950048974,8,8,0.5,0.03705000000000055
96,950048974,8,16,0.0,0.021500000000000102
96,950048974,8,16,0.1,0.02595000000000023
96,950048974,8,16,0.3,0.03680000000000054
96,950048974,8,16,0.5,0.03745000000000056
95,940048973,8,32,0.0,0.021500000000000102
95,940048973,8,32,0.1,0.03825000000000058
95,940048973,8,32,0.3,0.03330000000000044
95,940048973,8,32,0.5,0.038750000000000596
95,940048973,8,64,0.0,0.021500000000000102
95,940048973,8,64,0.1,0.03825000000000058
95,940048973,8,64,0.3,0.04660000000000082
95,940048973,8,64,0.5,0.04295000000000072
96,950048974,2,32,0.0,0.021500000000000102
96,950048974,2,32,0.1,0.08814999999999845
96,950048974,2,32,0.3,0.06650000000000084
96,950048974,2,32,0.5,0.08369999999999894
96,950048974,2,64,0.0,0.03225000000000041
96,950048974,2,64,0.1,0.08934999999999832
96,950048974,2,64,0.3,0.08464999999999884
96,950048974,2,64,0.5,0.1021999999999969
97,960048975,1,4,0.0,0.021500000000000102
97,960048975,1,4,0.1,0.028650000000000307
97,960048975,1,4,0.3,0.05100000000000095
97,960048975,1,4,0.5,0.06835000000000063
97,960048975,1,8,0.0,0.021500000000000102
97,960048975,1,8,0.1,0.03300000000000043
97,960048975,1,8,0.3,0.06425000000000108
97,960048975,1,8,0.5,0.08649999999999863
96,950048974,4,64,0.0,0.021500000000000102
96,950048974,4,64,0.1,0.04435000000000076
96,950048974,4,64,0.3,0.05045000000000093
96,950048974,4,64,0.5,0.07120000000000032
96,950048974,8,4,0.0,0.021500000000000102
96,950048974,8,4,0.1,0.02460000000000019
96,950048974,8,4,0.3,0.02915000000000032
96,950048974,8,4,0.5,0.02975000000000034
97,960048975,4,4,0.0,0.021500000000000102
97,960048975,4,4,0.1,0.02630000000000024
97,960048975,4,4,0.3,0.030000000000000346
97,960048975,4,4,0.5,0.03720000000000055
97,960048975,4,8,0.0,0.021500000000000102
97,960048975,4,8,0.1,0.02630000000000024
97,960048975,4,8,0.3,0.02950000000000033
97,960048975,4,8,0.5,0.03950000000000062
97,960048975,2,8,0.0,0.021500000000000102
97,960048975,2,8,0.1,0.02525000000000021
97,960048975,2,8,0.3,0.04685000000000083
97,960048975,2,8,0.5,0.07125000000000031
97,960048975,2,16,0.0,0.03225000000000041
97,960048975,2,16,0.1,0.045300000000000784
97,960048975,2,16,0.3,0.04330000000000073
97,960048975,2,16,0.5,0.07185000000000025
97,960048975,1,64,0.0,0.04295000000000072
97,960048975,1,64,0.1,0.1077499999999963
97,960048975,1,64,0.3,0.10424999999999668
97,960048975,1,64,0.5,0.15239999999999138
97,960048975,2,4,0.0,0.021500000000000102
97,960048975,2,4,0.1,0.023700000000000165
97,960048975,2,4,0.3,0.029600000000000334
97,960048975,2,4,0.5,0.04475000000000077
97,960048975,1,16,0.0,0.04295000000000072
97,960048975,1,16,0.1,0.061700000000001254
97,960048975,1,16,0.3,0.06425000000000108
97,960048975,1,16,0.5,0.10154999999999698
97,960048975,1,32,0.0,0.04295000000000072
97,960048975,1,32,0.1,0.07280000000000014
97,960048975,1,32,0.3,0.10424999999999668
97,960048975,1,32,0.5,0.14324999999999238
97,960048975,4,16,0.0,0.021500000000000102
97,960048975,4,16,0.1,0.038350000000000585
97,960048975,4,16,0.3,0.03305000000000043
97,960048975,4,16,0.5,0.051250000000000955
97,960048975,4,32,0.0,0.021500000000000102
97,960048975,4,32,0.1,0.038350000000000585
97,960048975,4,32,0.3,0.043250000000000725
97,960048975,4,32,0.5,0.06385000000000113
97,960048975,8,8,0.0,0.021500000000000102
97,960048975,8,8,0.1,0.02630000000000024
97,960048975,8,8,0.3,0.02950000000000033
97,960048975,8,8,0.5,0.03225000000000041
97,960048975,8,16,0.0,0.021500000000000102
97,960048975,8,16,0.1,0.038350000000000585
97,960048975,8,16,0.3,0.0318000000000004
97,960048975,8,16,0.5,0.03340000000000044
97,960048975,4,64,0.0,0.026850000000000256
97,960048975,4,64,0.1,0.038350000000000585
97,960048975,4,64,0.3,0.043250000000000725
97,960048975,4,64,0.5,0.06385000000000113
97,960048975,8,4,0.0,0.021500000000000102
97,960048975,8,4,0.1,0.02630000000000024
97,960048975,8,4,0.3,0.025000000000000203
97,960048975,8,4,0.5,0.03225000000000041
97,960048975,2,32,0.0,0.04295000000000072
97,960048975,2,32,0.1,0.047450000000000846
97,960048975,2,32,0.3,0.07220000000000021
97,960048975,2,32,0.5,0.08969999999999828
97,960048975,2,64,0.0,0.04295000000000072
97,960048975,2,64,0.1,0.05815000000000115
97,960048975,2,64,0.3,0.07220000000000021
97,960048975,2,64,0.5,0.08969999999999828
96,950048974,8,32,0.0,0.021500000000000102
96,950048974,8,32,0.1,0.027200000000000266
96,950048974,8,32,0.3,0.03920000000000061
96,950048974,8,32,0.5,0.0459500000000008
96,950048974,8,64,0.0,0.021500000000000102
96,950048974,8,64,0.1,0.03150000000000039
96,950048974,8,64,0.3,0.03955000000000062
96,950048974,8,64,0.5,0.04620000000000081
98,970048976,1,4,0.0,0.021500000000000102
98,970048976,1,4,0.1,0.03850000000000059
98,970048976,1,4,0.3,0.07624999999999976
98,970048976,1,4,0.5,0.08454999999999885
98,970048976,1,8,0.0,0.021500000000000102
98,970048976,1,8,0.1,0.023300000000000154
98,970048976,1,8,0.3,0.07624999999999976
98,970048976,1,8,0.5,0.08454999999999885
98,970048976,2,8,0.0,0.021500000000000102
98,970048976,2,8,0.1,0.04350000000000073
98,970048976,2,8,0.3,0.042900000000000715
98,970048976,2,8,0.5,0.047800000000000856
98,970048976,2,16,0.0,0.021500000000000102
98,970048976,2,16,0.1,0.04350000000000073
98,970048976,2,16,0.3,0.05420000000000104
98,970048976,2,16,0.5,0.07699999999999968
98,970048976,4,4,0.0,0.021500000000000102
98,970048976,4,4,0.1,0.02770000000000028
98,970048976,4,4,0.3,0.042900000000000715
98,970048976,4,4,0.5,0.038000000000000575
98,970048976,4,8,0.0,0.021500000000000102
98,970048976,4,8,0.1,0.03125000000000038
98,970048976,4,8,0.3,0.042900000000000715
98,970048976,4,8,0.5,0.038000000000000575
98,970048976,1,64,0.0,0.04295000000000072
98,970048976,1,64,0.1,0.10049999999999709
98,970048976,1,64,0.3,0.11234999999999579
98,970048976,1,64,0.5,0.15234999999999138
98,970048976,2,4,0.0,0.021500000000000102
98,970048976,2,4,0.1,0.029900000000000343
98,970048976,2,4,0.3,0.042900000000000715
98,970048976,2,4,0.5,0.046350000000000814
98,970048976,1,16,0.0,0.021500000000000102
98,970048976,1,16,0.1,0.05040000000000093
98,970048976,1,16,0.3,0.0931499999999979
98,970048976,1,16,0.5,0.11124999999999591
98,970048976,1,32,0.0,0.04295000000000072
98,970048976,1,32,0.1,0.0631500000000012
98,970048976,1,32,0.3,0.10069999999999707
98,970048976,1,32,0.5,0.15234999999999138
98,970048976,8,8,0.0,0.021500000000000102
98,970048976,8,8,0.1,0.02600000000000023
98,970048976,8,8,0.3,0.0283500000000003
98,970048976,8,8,0.5,0.031350000000000385
98,970048976,8,16,0.0,0.021500000000000102
98,970048976,8,16,0.1,0.02670000000000025
98,970048976,8,16,0.3,0.0319000000000004
98,970048976,8,16,0.5,0.0424500000000007
98,970048976,4,16,0.0,0.021500000000000102
98,970048976,4,16,0.1,0.03290000000000043
98,970048976,4,16,0.3,0.05330000000000101
98,970048976,4,16,0.5,0.08539999999999875
98,970048976,4,32,0.0,0.021500000000000102
98,970048976,4,32,0.1,0.04280000000000071
98,970048976,4,32,0.3,0.05730000000000113
98,970048976,4,32,0.5,0.09424999999999778
98,970048976,2,32,0.0,0.03225000000000041
98,970048976,2,32,0.1,0.05040000000000093
98,970048976,2,32,0.3,0.0804499999999993
98,970048976,2,32,0.5,0.08599999999999869
98,970048976,2,64,0.0,0.03225000000000041
98,970048976,2,64,0.1,0.07899999999999946
98,970048976,2,64,0.3,0.0804499999999993
98,970048976,2,64,0.5,0.08599999999999869
97,960048975,8,32,0.0,0.021500000000000102
97,960048975,8,32,0.1,0.038350000000000585
97,960048975,8,32,0.3,0.03605000000000052
97,960048975,8,32,0.5,0.051250000000000955
97,960048975,8,64,0.0,0.021500000000000102
97,960048975,8,64,0.1,0.038350000000000585
97,960048975,8,64,0.3,0.03790000000000057
97,960048975,8,64,0.5,0.05140000000000096
98,970048976,4,64,0.0,0.021500000000000102
98,970048976,4,64,0.1,0.05040000000000093
98,970048976,4,64,0.3,0.05730000000000113
98,970048976,4,64,0.5,0.09424999999999778
98,970048976,8,4,0.0,0.021500000000000102
98,970048976,8,4,0.1,0.02350000000000016
98,970048976,8,4,0.3,0.02695000000000026
98,970048976,8,4,0.5,0.029200000000000323
99,980048977,4,4,0.0,0.021500000000000102
99,980048977,4,4,0.1,0.03300000000000043
99,980048977,4,4,0.3,0.02775000000000028
99,980048977,4,4,0.5,0.02915000000000032
99,980048977,4,8,0.0,0.021500000000000102
99,980048977,4,8,0.1,0.03300000000000043
99,980048977,4,8,0.3,0.03510000000000049
99,980048977,4,8,0.5,0.037950000000000574
99,980048977,1,4,0.0,0.021500000000000102
99,980048977,1,4,0.1,0.09974999999999717
99,980048977,1,4,0.3,0.05105000000000095
99,980048977,1,4,0.5,0.09489999999999771
99,980048977,1,8,0.0,0.021500000000000102
99,980048977,1,8,0.1,0.09974999999999717
99,980048977,1,8,0.3,0.07280000000000014
99,980048977,1,8,0.5,0.11274999999999574
99,980048977,2,8,0.0,0.021500000000000102
99,980048977,2,8,0.1,0.055150000000001066
99,980048977,2,8,0.3,0.0493500000000009
99,980048977,2,8,0.5,0.05415000000000104
99,980048977,2,16,0.0,0.021500000000000102
99,980048977,2,16,0.1,0.055150000000001066
99,980048977,2,16,0.3,0.0493500000000009
99,980048977,2,16,0.5,0.09384999999999782
99,980048977,1,16,0.0,0.021500000000000102
99,980048977,1,16,0.1,0.09974999999999717
99,980048977,1,16,0.3,0.07280000000000014
99,980048977,1,16,0.5,0.11279999999999574
99,980048977,1,32,0.0,0.021500000000000102
99,980048977,1,32,0.1,0.09974999999999717
99,980048977,1,32,0.3,0.0867999999999986
99,980048977,1,32,0.5,0.11279999999999574
99,980048977,1,64,0.0,0.04295000000000072
99,980048977,1,64,0.1,0.09974999999999717
99,980048977,1,64,0.3,0.10664999999999641
99,980048977,1,64,0.5,0.11279999999999574
99,980048977,2,4,0.0,0.021500000000000102
99,980048977,2,4,0.1,0.055150000000001066
99,980048977,2,4,0.3,0.03675000000000054
99,980048977,2,4,0.5,0.050600000000000936
98,970048976,8,32,0.0,0.021500000000000102
98,970048976,8,32,0.1,0.037350000000000556
98,970048976,8,32,0.3,0.03470000000000048
98,970048976,8,32,0.5,0.04620000000000081
98,970048976,8,64,0.0,0.021500000000000102
98,970048976,8,64,0.1,0.04280000000000071
98,970048976,8,64,0.3,0.04090000000000066
98,970048976,8,64,0.5,0.053000000000001005
99,980048977,8,8,0.0,0.021500000000000102
99,980048977,8,8,0.1,0.027950000000000287
99,980048977,8,8,0.3,0.024300000000000183
99,980048977,8,8,0.5,0.030000000000000346
99,980048977,8,16,0.0,0.021500000000000102
99,980048977,8,16,0.1,0.027950000000000287
99,980048977,8,16,0.3,0.030650000000000364
99,980048977,8,16,0.5,0.04195000000000069
99,980048977,4,16,0.0,0.021500000000000102
99,980048977,4,16,0.1,0.03300000000000043
99,980048977,4,16,0.3,0.043950000000000745
99,980048977,4,16,0.5,0.06255000000000127
99,980048977,4,32,0.0,0.021500000000000102
99,980048977,4,32,0.1,0.03330000000000044
99,980048977,4,32,0.3,0.043950000000000745
99,980048977,4,32,0.5,0.04840000000000087
99,980048977,2,32,0.0,0.021500000000000102
99,980048977,2,32,0.1,0.055150000000001066
99,980048977,2,32,0.3,0.05910000000000118
99,980048977,2,32,0.5,0.08819999999999845
99,980048977,2,64,0.0,0.03225000000000041
99,980048977,2,64,0.1,0.055150000000001066
99,980048977,2,64,0.3,0.08299999999999902
99,980048977,2,64,0.5,0.08819999999999845
100,990048978,1,4,0.0,0.021500000000000102
100,990048978,1,4,0.1,0.05110000000000095
100,990048978,1,4,0.3,0.060350000000001215
100,990048978,1,4,0.5,0.0562500000000011
100,990048978,1,8,0.0,0.021500000000000102
100,990048978,1,8,0.1,0.05835000000000116
100,990048978,1,8,0.3,0.06980000000000047
100,990048978,1,8,0.5,0.08574999999999872
99,980048977,4,64,0.0,0.021500000000000102
99,980048977,4,64,0.1,0.04175000000000068
99,980048977,4,64,0.3,0.04665000000000082
99,980048977,4,64,0.5,0.0868499999999986
99,980048977,8,4,0.0,0.021500000000000102
99,980048977,8,4,0.1,0.027950000000000287
99,980048977,8,4,0.3,0.02355000000000016
99,980048977,8,4,0.5,0.02980000000000034
100,990048978,4,4,0.0,0.021500000000000102
100,990048978,4,4,0.1,0.027850000000000284
100,990048978,4,4,0.3,0.0283500000000003
100,990048978,4,4,0.5,0.04050000000000065
100,990048978,4,8,0.0,0.021500000000000102
100,990048978,4,8,0.1,0.027850000000000284
100,990048978,4,8,0.3,0.04345000000000073
100,990048978,4,8,0.5,0.04050000000000065
100,990048978,2,8,0.0,0.021500000000000102
100,990048978,2,8,0.1,0.0354000000000005
100,990048978,2,8,0.3,0.04835000000000087
100,990048978,2,8,0.5,0.05245000000000099
100,990048978,2,16,0.0,0.03225000000000041
100,990048978,2,16,0.1,0.04135000000000067
100,990048978,2,16,0.3,0.04835000000000087
100,990048978,2,16,0.5,0.07429999999999998
100,990048978,1,16,0.0,0.04295000000000072
100,990048978,1,16,0.1,0.07604999999999978
100,990048978,1,16,0.3,0.06980000000000047
100,990048978,1,16,0.5,0.11204999999999582
100,990048978,1,32,0.0,0.04295000000000072
100,990048978,1,32,0.1,0.07604999999999978
100,990048978,1,32,0.3,0.11544999999999545
100,990048978,1,32,0.5,0.11204999999999582
100,990048978,4,16,0.0,0.021500000000000102
100,990048978,4,16,0.1,0.03010000000000035
100,990048978,4,16,0.3,0.04345000000000073
100,990048978,4,16,0.5,0.04470000000000077
100,990048978,4,32,0.0,0.021500000000000102
100,990048978,4,32,0.1,0.03400000000000046
100,990048978,4,32,0.3,0.06370000000000114
100,990048978,4,32,0.5,0.04470000000000077
100,990048978,1,64,0.0,0.06445000000000106
100,990048978,1,64,0.1,0.11334999999999568
100,990048978,1,64,0.3,0.12689999999999418
100,990048978,1,64,0.5,0.15359999999999124
100,990048978,2,4,0.0,0.021500000000000102
100,990048978,2,4,0.1,0.03505000000000049
100,990048978,2,4,0.3,0.03985000000000063
100,990048978,2,4,0.5,0.05245000000000099
100,990048978,8,8,0.0,0.021500000000000102
100,990048978,8,8,0.1,0.024750000000000195
100,990048978,8,8,0.3,0.03285000000000043
100,990048978,8,8,0.5,0.02880000000000031
100,990048978,8,16,0.0,0.021500000000000102
100,990048978,8,16,0.1,0.024750000000000195
100,990048978,8,16,0.3,0.03285000000000043
100,990048978,8,16,0.5,0.03585000000000051
100,990048978,2,32,0.0,0.03225000000000041
100,990048978,2,32,0.1,0.04135000000000067
100,990048978,2,32,0.3,0.07819999999999955
100,990048978,2,32,0.5,0.07429999999999998
100,990048978,2,64,0.0,0.04295000000000072
100,990048978,2,64,0.1,0.05260000000000099
100,990048978,2,64,0.3,0.07819999999999955
100,990048978,2,64,0.5,0.0976499999999974
99,980048977,8,32,0.0,0.021500000000000102
99,980048977,8,32,0.1,0.027950000000000287
99,980048977,8,32,0.3,0.03085000000000037
99,980048977,8,32,0.5,0.03785000000000057
99,980048977,8,64,0.0,0.021500000000000102
99,980048977,8,64,0.1,0.04380000000000074
99,980048977,8,64,0.3,0.04050000000000065
99,980048977,8,64,0.5,0.05450000000000105
100,990048978,4,64,0.0,0.026850000000000256
100,990048978,4,64,0.1,0.04130000000000067
100,990048978,4,64,0.3,0.0686000000000006
100,990048978,4,64,0.5,0.06525000000000097
100,990048978,8,4,0.0,0.021500000000000102
100,990048978,8,4,0.1,0.024750000000000195
100,990048978,8,4,0.3,0.027100000000000263
100,990048978,8,4,0.5,0.025700000000000223
100,990048978,8,32,0.0,0.021500000000000102
100,990048978,8,32,0.1,0.028900000000000314
100,990048978,8,32,0.3,0.04275000000000071
100,990048978,8,32,0.5,0.043200000000000724
100,990048978,8,64,0.0,0.021500000000000102
100,990048978,8,64,0.1,0.03165000000000039
100,990048978,8,64,0.3,0.04275000000000071
100,990048978,8,64,0.5,0.05115000000000095
